$ANSIBLE_VAULT;1.1;AES256
33303738303733373261626663633866653937393432346137386435663761333633643234663062
3664326139333339313235383937343239316639626133300a653065383962643732613063626362
39646230666130343764383134396666616564393366323262336337636161363831356336646339
6166373732366365660a393966663463623031323033633339303931653566643933623564326331
30353765343334363665633063663363656338343139663963363430323032363738646263313437
37633532306663643932613262323266303433343335316264643539663036333130316266346365
35656165353630623436373335306363356537643864633230626230383630663661663064303336
30313539306538636361633831363965616139386435646339326130633436663764363436666335
30636136303661653461393738643235333165333163643065653363623238353336666139346335
34653331643933323966383231346466326635336539323036313236636630376164393539386137
32326631306364383632353861306335376631613538386535653238633136633565333030643038
31643032323933643266666539646266363237303833666435623437343866336138386133646163
37323163336431396532363532386135613139356262383031353639613962393430623962663932
33323034643533343133303863653364303937363863333366353464363661653032306165343963
39323437356137656132316665333064613335613139376561353761623433646231343533393530
34656330653966353365323165396564396537393763376430396639616465353164313634666436
30346338326231663065343064616665393139313336363266333530393962653665306433353238
34626635323231353764636634306434323462356263303163316361373334363731303036663263
31396538316539303730326162653230636230666163646233613633353935653634623435616661
30623062616166316631353263343637366432616261386562616538343536386434653661623666
38333836353133373763666464393163613262383465663631396661613532656632363561393734
62636336383164646133373438373536356333333663323763363132616335316436343936613839
37393861373635313938636438363766626462393166343161656432623430613133663032313566
61366337376631616563393463346266646466363138396137396438663838316364313063636564
31343433653738346139396332343530643461616362393532316135653334633130363733373032
64663531313335633930346235333138346266613863303363386332643835646130613362323736
64643631643932633833363366343939376264396666303532636634633264313661376133353863
33643866616166316632613966313531303333623362303735343864333961336165633638616564
39393964346562353538333164353833366233353639376230666433336137656133613437383635
38626330616130353361613931643864653437373134333436316133623932613830663366653039
30383462623866663433663535363534343332336437626364643230636162346138383165386233
37626432346339663764356662656263373837623939663034636237613233613234623831373837
30353462653838313039643535343862633862313335646364396436313164393233393335303631
66646166373664363166346265373163636265616362383562373462363331613836376232373235
31383266373562366639303862326132336135623830333739373765656130383965336336653664
62346563336432343966393161396465313630666438616231666532646133623030373534356564
61316430643933643238326235356334346239373035313831383837363531643161333132623231
33303762373734333634343237316639353736373631656334343437383333666537353366353338
38656164643061316162303435366230303634616533333230353764663263316663636637366130
63343466623761333663303936343762663230326636613566373362393434653436326132656463
65383437326662316366303161656137636333353663373861633162386463613937336137366633
34656337653937366564333961343832376531323032363933663637653336336337313734333262
61396462393937653263636533346130636436343563306662653630613534393730643065626138
65333938613538666131323931643865663135366464343933366466636439316539306130353764
39336534653933613533356166623461613166333161393330323235313865663933353736346131
36373231356334303939633932346261346265316366613735663662346430313437383737383839
30343436666238653465366338653462646661346364363865383938383064313734613234333561
39663338643331376334336333373537666634316338316164396266343931343465623738393936
66646431623666633039326231653461613535336639333761343636633361373735646664386239
35613166383238383135646238336362306462643534303631323534363332333462643338623738
64623033393564363061306235393662666531373435646430623838616439643263383363663263
38353939373036643661653662353439356639343066353630666138326431383832303165346239
33373738623962663066316638333635353838393833316365346465663432366661646633356434
35326165663731353931383731656434653732353633396335326365613530646430396136636363
33633631323036373366626332373137373764353036373237633834616431383132353261623233
30633338366230336232396330393866633534323332626536373166353964623331353537656436
38666534396366353434353061643930643435366539613064303538303037653662306361386337
62633031366663323732626437393461643030366639636433666432333731323063343633666662
30343431653965663634386561396431393939363530383332386330336537633438356534643765
35633833383264346565313330666361383330613639643263633936303562336465616638353939
37373365376137626138326364653763626364343334623134356338613462386234666465393639
61323731373261366266323830656235643162313932346135316331366339303339366330343630
35633631656632653839643639613266323465643335613936346334353566373438316636343937
64353166613062373165303930666137373135343862346535326530363031623430376630326562
35636437333430333431613937393161396633386539646637303933653765613730336237613533
35366266633863333762306565306266396433643463646338373137313030333766363464613533
61393433396134343238353531333131396430323933336432326536343631346337383566336138
61616531343037336133623731613430313834356638303365316533306565333266396335663061
66373666323633643435646163313263376632653333306566633335333039343462613539393030
62313331616538653265616530613366656339336661653931663138366337323165366264646666
30616430393665363135356231396563663762623563363264346136633034376162663861373839
66653334383738386434383964373462653662306532656165383161663131656638653265386461
31643161636333616131633435393739323938373363616331336530396238326166376630323030
36343130393234373438646637303061633135373664356464353464366334303466353130346535
35613861643935313130613965363766663639326433346239333663386433643732353936336435
61386666313564643830316461386639373834336563653737616464623937636166366239363639
30373036303961383461633936316262393863336636613930353433383034383736343437656332
39323332643632653031386137393161333264383239376434636537383461666533663730316130
66653137396239643232343865393162636635303336336562323330613230336635353631343932
36636535323463326534643661363966366334333165656534323266393231356139643535316165
32373866393838313937633362306364356430306635653538306236326334646266356331353630
66366365313439363635343566316630656364383730343737343137383066633533316633333431
36643139393563656338376231313536313430316363353438363339376433653436373132336262
35636530656137363566303136636162636332303266633639336463626231643261336163376331
38396234626530643061333966353037666164313533613964303431663031653861393932336431
36626234326533353030613361346663346662353938663132613161666263643332633632663231
65336630653130363464646432363836396137313364643230363031353034623364356531616332
33633331393032316665373239383333653131643261316334383761326131353962316337346537
33653565393263653530316438646337383534396638313962636163313938656434363133343334
35343931643539303734653035666365373831653161386435633161303531653330343231303439
34613334353531333132643131356339386465343165366631653765353932373061363464323464
30316536373831313866343834353365623466303562313861363936373934323363383864653564
34666130396563343931393139643733366462356139626330666433613839383135306233383630
31376362643931316162353230613362303730646133333733356136623638643437613633343566
39336262356432336165383830386566383065323230353065383462376462363339643664633732
37396262303230363462343830366663626337646338376136333363343039393838616165643432
31353131376534303030616633646263356536336436666536623865613835313163343236323561
39363130663131376163323866363666306562353130316366356635336432323738663938326262
38646463346165366437633331336332363231396635313662633739656462393636333334663765
63303638616431306230306261343862393362643161643162386562346363356536333166653565
30313834346566363564313963656138626231613031333461343332383634343562666533616361
64323264633839623535323362626163306435303935653664653739373963386337613466363630
64636135393539633366613863393161376137653432316661393039613166323665373632336261
61363236313335613931666631366132303332653662343663633661353931373364653530323836
37383862306234653330616233333463636430376537363733663739616664303164306664613834
35663566306666636435646136666439363663653230326234623266393130643165366336336561
65633766313331383830323937333663353832376238663539303734323437613964363135353037
65663332353632613862376239326334663736313736643431303033326631303238333434386238
62663631383138396235343532333234303135356265353561333138623763323565316133363264
39306331373439616436343632366231393631623134626330386663373964326439616133336332
32323165343231376134316334633031663730363635396561313836666666376463633566613038
65313964356362356334343031666334306566393536393365666561636436653433636534383035
35336661633233633865613334373661376363363931613430303162306531363639653562343862
66633532643465306661643636643435616334666464346564393037336563373765653737653036
63633666373437323332663536663062326533386365626130326532663664363336333633376466
32353561643566646165373630323233623138306335366662376232386537656632383934313137
61386231323739343062323062376534663964663635313431306164373962313862346365643166
34303532663332653366643165666163333432333436333530653663373837663936306136643338
35343135666466623233376231393063626465323263396666363232386266376132633238323965
64306338373031376234353230383832316632663162646435323965366330646533316363383535
62333537623065643234313432313065303036346466386334663837343761626665383636346166
35343362376231343863306366316335623739383038303031383039373235656439326561633263
62306230653632383564383831623364663638313139303666356336626265633664663531363666
66656366633761353136616461316566653561636432393737613265343336653237386332366663
62346234643065333831363133356331363231313732623964353036636465313163326337353934
63306533653666383737646331376332303439653961613639353531653835333031383339313531
61626464373565636237353865666462656366616162323564623337343330616261653337346264
32613533613639383164623361653162313238366331633133376537386634306431636533653738
65333662313464613265646535633961353137303430326135633537373235303034353837383435
37626635386435363133643362326564373566333335343832303636396630346139666237366432
39396561366262303737306366643234336330353436646136313765383135363864323034343533
65633732353065613637666334363130323536656136333134393965666230396430343362636363
39613338646639323635633063346561363431383734313036666466363062666266373639333962
32356133373635376230306231303531643533336161393530333764353930653538616238323663
35613365623665333634376463643737303930356131626561366461343531323738643535626531
64633730323932363031663636333039316638343263656135336538316530633566626633366139
30373264386465346433646231316432376230626432343837383966346632666639363530326661
64326136373130303133346530353861653432363964656631386433613863336363376633326664
64643962333061393034646162356139316335353661313132353334326531376262363366346439
36356538303730333431366662666434313530353238393862656461653531663363323566623435
36393663326331623838636666643032353031393734363534333534653233376539626131303065
37313065623862636232623065623762626265313865313530383635613862363232343535626431
61383134633565323039303339353464653037326438326139636133333366633939353962623536
32636361663339623464626461326433613035613864633538303437636532643163363863313566
37646234623566353631633735613632633165386332363739643134663363613930393031626333
35653335303834653235316230333639393464373761363036663039643936393437323133643631
65313630623133636130616437623837643763303166656339363063323364646132383166623863
65383834656639376434333062353761396536636639613035323536303233613164323931316566
36383231636530636136383036646466343861303261353634633263613463366562323761396331
34306430386265303266633465343637316636356262663837333065306262663438643165623265
63313936333136646633656633366337366639316264643034303066636465363333663663386662
66653532616638663631616166353362336462323830326463323437373530333162376262643962
31356463663661656464353131393632366462366338653532313830306530626661623236656532
35313435336230646635303938623963366662663362336130366232653535613434653463616461
34376664613831666461643664393664306665313231613931366536303064313036343534306563
63663230343634646235346639303533646662643735633935636235383565643261656636383238
37386261666165366364373462363563326538323264353362373539303737666431313961373363
31643934653634343866633566336331323061386638646136346564383536303764643863656133
39646231383838653730623839643234346535623766643131656365363364313334333638313435
35323364373763306539323961343166616165323765313630646630373964656435333836363066
65323365326535633930646165613038346435643965316135313565366437633065343562363465
34656635396665636538636130663430626362313937343763623631666162616536333830633636
35346464613061363664396361393035316261323239646333356138326638396430353037333737
63343463316238616363623437323266393965663032653035336633323734653266396634663030
37363663313735643834333361316563323632306635396237663035663763323431336333326435
66613138363834303138333430663332373565333662366531386635396439663437666461346532
62316561653062393965353834623166343135663264326563386330356634343261383161626136
33383531666666383534393932306434323234656238393939313563313564366661663633303730
63383436316232366165633330343533323332393764316365386362383766323737616539313237
33386630366436663731666138613661636631653763326263623163353433653538636366386138
35363637313865393935633135656662653831653836383035363462643535353735623133316435
33323837323633626562326635393837643335343035616465633733643330643830383832623530
64643832663063643230313861383830653130633436306438396665613330383064386434306531
36303263616461356561333336386638666637313136333862653030353435636364623337646239
62393430343533363761313163363935393766393137336162613061663739303861653930636136
30616162316432383662383238366362303336653732343561656465623032666362326266353135
31623262633465366130336638336138373862653132366634353434376232303132343962366634
65343065356331373961386135656634646531346464343631626434633562616665376464383137
65633339346163616438373961303063326563643932373963336561346263326634303864323837
38313862626263626465393932656336336535346161363339613765396364326438633461626434
36343437333466623561656237616262643133396264336235393538373265616330396466393230
62393738393361363334376237636631323535626338663263313035373765376562393337313665
64363463363665336339633336303333633962333130333331353831333934323136343466363565
32396234653737386365663038663433386365326238343563353338653636393432356463393764
65613233303335663630393339356331363636383839326139663231326238643463663339333661
37663665323163396162623439653964616331346334623034653537636138396463363439333763
34613066336530343133646633666564653134323038613932383666323933326333333232323937
38333934363836356531346430613837656337353235623130386138323538636331323965613831
39623035636436306234313137373537363331313965643138613638343835383332366537323631
61373365326230356236343865653139306231333864396664663963353137383134313930346436
66303231636563303334613130663237623038333630343562646366323436326664376463303264
65363062636434316162633237326430633964326666363238643465383933643938306239343235
65363131383764626262633739373236663762623830363862376166353330323137616261653436
30383163373038343634643530643634643435396365613534353834343162663238353331376330
64383435646465393737633266356561636332643164666662643539393837643462613131306431
64636539633864633966643063356661616233343035346138636161396137643536353962333233
31326163613364353431616561303263316162326264313336613532346432656637393235353766
63363737393663343031393931306436393861336138663736323866623362343561306235303165
64373434646533623764323232326661653162316237313764363033353964393137353038653038
65333262346133626530346131393037663966313530323035653532383566366630386130323361
33616466663539626237323139663562666632356365353832376634666639346137333963393166
62303431633764343664663866323134343031633135346234313965333263343031323462313139
34613233313531303461656238653763643835386530656434623565363233303935646537613831
39336361636262333538356234653033323636336662306537343936343461616537326135613733
37396464626131376566353633383131663638333637613963656635623739643030363932376236
65356230353865366232363136626239656365366333366461313665386664633230333532396230
64666235346435653937663836396339653636363237333362656636643439353237663532333733
35356335373062373732383737643865323939333465636338356436323530666361343634396234
35316635323131663231353562393036366331373463373936333037623530646163613235633762
33343533633965353463363466663063393939353736353962346664633535313331363730306662
30356563636539333465373034616637633934313764383464363231346265366563316636313961
39636438333963343865323764306536646461333265653166303433373133373432616166646533
36653263366236313066643132653139366530316139373632656631306431323335393931613039
66663661303165626364313862373037623266666264343033346534363634373934376638623738
36626531336333373534353336653734653337383530383831386431363666393335323063643630
34356161646433656163
