$ANSIBLE_VAULT;1.1;AES256
63316432333839616162393130363539373864626131366266313035363064383834383462313436
3966393934643432646465333865636232613139366162640a323234393666376130386566343937
35376133363035373830366237656566346363623663346430326563323839343663623665306231
6236313531363062310a643861393461613366333735333463643432323361383931313730343731
61623765376635663133653135653830353833343138356233636465626561653066396566656135
31363262383532666636376562613339306137373137633234396334366365646636623365366163
30653334393633616431393266666263383930336263653362376266326466616261363238626139
31393438376331396264343534343530346564323266633835343932383231613238616361313736
34623132623534636437306136326431616338646265666536356161616536366661653136646636
31373232643933616166653237656138356661636438393861353466393165383965383537656664
36303836363531653961313936363338643863363431666232643861343162373332393831313366
64353761633233663564626637613236323061363835653065623738656230376236303430653636
65666633383534353738363430343831366466636563663534356337363662346237646166613864
64633636636261643166633463393931323666643331646531613530366465343537646435323639
65376236656261646364303932663136373861353063353536386264306365623430373030613136
32313065646237343730616337633335656239643765303337383164646130636232613031356461
33326636353935303863396231306664646134633562396134343764383934613835616630306462
64386335326638353033656330333863306336633638383532646363333939636136396161353861
64643064653734396464313965313063386135333761313864383538653764353662306139353834
33393961306536306265383363363061386339613635346333633662386139633139336237366136
61353239323931376339623465323735616538633831646432323534346561343964653832663737
30333262333065666332343366383134316463333431396561316364396533303035366165323661
36366334323935616335383962623631663862626432663035633131323465323561393032623635
36363733316237313034623163376239393065383137303936663434653034306130323439336133
61633638343664393234366565386230383336343861343562383936373361393438643730653237
38636264383836303434306463316266303037656533346136623738623063346562303063623732
63393166626238316131396532343738623962343065663130363665653435343933643465356132
66333366633863386631346331393161363032336633383832656266313838643930333461633832
33353363363265633065316665393366333639366538653036646166393838636634336362353436
30316235613336326566656466393865396364396131623536613466633162303133383934363831
62366664303639383962336466363232316638646465643263343334363135643333346262613430
62393434383634323437643833393463386462663133666431666134373132306632393131643931
33343036633532643632366531616638373636666534626138313961326331393364643364663736
38356166343138363066376163393639353765616238633636393830396436346662666333373432
66626432333631623431636264653530633030313064646266366637613535326538643831333563
64663539646664306233343733636337363736396534373538353166346135653664306533653530
35323063343564613062323062343232313138343266386161656364633030313163393335396566
32373135643063616365326434633735646539343536306661373137343139383439373464353538
38623635613037306665323761363436316337346665353534373666303633646131653131613931
62363139376531363231643732626266623632376465333330373039653132646330383638303466
37393738313834356335626537333536326437646338343961393862333531626330303434363035
33333733373264346365643630366665663064663336613261346461613063386133326166633532
65306431663662656231353735663765653331363231353763653138356534323661316364666634
64316261373830633731313062623866626630333533353838626562343239356638313235656238
37613532656262636564353066306334313030306433393232633336306530373933626434623863
37356262393262373638376532383235353964336235326231633730313233366634383764336537
35343166333265326161393439383561316638616335363235316466623762393637396434396139
39643632623565343962383831373330343565653230616632333432616138306230396436663364
35313866393265366131376536363132356332393561336139386464613831313630376137353061
32386533386634356661636533373662343036306265343332373238333264313765313438656631
38623737346134306637643835343339653131386265666564313638333433666130663562633433
61373336313638363938663661346261363262366334376139353030363966376237383234333138
35613564343536613064646435333935313437353463663762343135366536383866343331356638
39323062653138636364303064346162333133643864336562326337656363366435363837366165
32323436396364393037623531353362383434323938633337306337663431636138316365663064
39313632656332623861393739333537386531383639653637316530666432393732396132616666
33663335646566613039333161313736393863646661366637616533646632363761326563333638
66613034373235313061623234386632326333353361303739613566303733376238353039373135
35383636613235383431636136346365643137323662633863376236366536353763393033633762
39643339353839626334623633663934643366393032363733663934376262363538326132346137
36313463396631346361346630353562646531623930623838366538353738643762353630323834
35653437653432313161356561623534343532366664373236613038646132303830393831396265
30383866363832346538646266336336366533333237356431633139336133643639613733323631
32383234656364646363373634633066633663363965383335356436663738646339613336313638
38343532346233366231636564646331633739666365386639366364356335323133323431353433
37653136326534366562386239393734346465613331346261626438643164376130653537373238
34336462633731346562306432646434666238663133643461316462333835306634376235623036
39623662313231346133396132663137623437386238373630653662643132333931656337653766
32623333386662393565326134396137376334636131363332626565353662666636613834373964
31343939343738653561376633663735653832333964343130333866386138326138633164313230
62643632646664633532336637396635333030306666336338343662376638663164366463653633
34303733366161343031306566336137383834643232363731656433346238626262636666626339
38636631323738393234323431306437373435303238636631343637376165323163626466356436
61396237616537636136643139343064346336346534653239346430336434306230623061363166
61313761376665333466653232336261613661656331636334653465323732363335653863323635
62643239346633613530313839613736353137383537633166363530623433336435363733303465
39656264303735306130333137653736383636363236356435616332666462393830636662356532
34356435653965396364303561306664363336623430303463393063346536313763623464333862
64656665663263383862353731363261306337373663333231393763656231616233313265623365
37353532373033636134373865636263323232636565666362343061363362353566666665336336
30333535356631313133333561643264646438326439633539643039336234633364356430633935
61346166653730656534376635653235666135343738376463343864663261316338643733636564
39353531376235303736343138373536386438373838633064346662386234373563636265653436
33353636616135613939396561336332363061626137336464663338666235656138333933393766
32653865376165643438613138386337616634663163623032303039343337336538336435373166
34353466383965623938333831666538316362613033343663626462346138386464613965616637
30376136623938336438383062356364363639326266376536643831396466393138326438383637
32613061633337666266326566643538656263383139333362626639346635363964653231366531
61353838323533303131613136643435646537333939663066336464356562383861613532356439
38333064393235666163376234626130306232396535383132396234373166616262333433323932
61326233336331326535633131656132636664363633333563363439353431666137313731643666
30353337323961633438356236643364666535616133353231663434653263643866613831626165
63313634646434633433393361633166666361656635303866356334333638393162333462303236
61393732393131306138373530643065336335613333393238313363373937653637393139303636
62613132623939386137633337356365366233626364323161633365326437346634366261623137
64383438346539363364643766303531646262323331636464343737663034306238623831646361
30656437656266373136633832393530373965353239653139626165363265343335613865316462
39303862613464663464643832636239623863656166663265383164636264396264633230636233
62613533313164363664386131636538323665373265326161353433376564313535643230646636
30303836643631633565393537376139663936616234663462366362363465363439393431613261
38613738666463656265303731656431306634663635343737666365303732303238346634366634
64633362613335653639396463333761303563356663656531316130326536363165373266373834
62623566663230363663396266383730613238646563303735613536313661363361356164396130
61333366653030316261383261373033666365653038376562383432356165323965303237336565
66636538646137633132643735393035313432383138383763313866363431623234386361363634
66353961663038333433356130613864623463616434623665363632393530386361623632313865
65343139363261633939623036343730376431386338316533353062386337646662323031613034
38396533373261303330383766333563316237396437363139336434636465613036626531633466
62353862333065613630346138323039386632313266356564356438646437363366373737303237
62366132363435343832666266366331636163396230373038386362353761393031646261653561
33383231346666386264333263613633336534663439663133633465616665386661343061306361
34626466326534333064326263326435353735623263633563363535613932643135663338376437
63353566346638623938343137326637393037623237363565383061383762623738623264623036
61386330303638613162323165343964346131383835633732376235393733373739623234393232
35303439393834373830613562323363656365303562636566633236336265353737396164653639
34346232663339636665383466376434366531316337313031663165383635643562653536373362
33303438616562343236316537653136313136656162353362653163643463303933656239656661
38643263633438363162363536393262663064653637373261626337666633313330353161653562
30633963626666363766303733383336306536313635653633383461366430646465623661313837
65666562386166396461623235313265303731643565366237646465653333666461353932666335
65313062376264343635356231646531333232333362356233396364376631363932326532663230
63633665366435623535383363623362323338373030623636363637656363383433626634666635
62373433346436373561346165393530353238616466313837316532353366643264663432353636
35313161323566323335333737323236633837663166666163313836376361653164313464373263
39323361366337303834396233656366346437656531376166343063353937376662613439313936
35343532323562636164623239626166643065613162623564613633646634313439643638653230
65363838306638636333376131313462646431306134643662383361303539353466306465316366
30333266636464383033343136656664613538323934303038346435656639313836376561643532
65623064623832333334353663363835656430613834313964383136636233633536636461633961
30386433633137353964363333383161326165353835626366333638623938663565613038656266
33363965646361306131333261666465396634393864396330626534666365613361313535323739
37646461373338363238333032366436383662613436356561316466323438326163623337363431
36343763646264353965646636333032373065313831306463633735633935323836313134393536
62613031363561333065666163633338646339336337383665613961396635333564323161373864
35313837613435623563326361376563313336653161396365333361613332363334663338613431
36313765343166383138653235626531643664353465376564646338373433343332353831333262
61323637643136353035373337303063663536303735303833323633373835383362303734333034
34623464653864376462666236393462346431386438626664646135353738386462373237333432
36633265336635376562346462613237383361376161646338396533393563306237623063316366
33643861323963623537626563616661363030323862306263653838393131363833346264663261
32393562646639323437346464333038316333643238386631316366396236646562396430623833
62323633343137616438306566613136656663633533306364613636303463306665376231613866
63636534383334643463363966646162663864353766336564326461663831373066323561663635
38663537313963636562303231626631326466353536366633393261363436343736616532353263
37326366323130303132313132663166343736363539666334613632393039303636653833353530
31613733326462616264326363663066333534613030313564303562306232623366316131343335
32386632353739636632323662666561353438643963356338336561616565326633343064343530
38633634633739303665623038646330353263396663316334363934323032323936326362656337
35663563616466336337623833656237346162313231376132363166376531353438383732373139
65636566616663303133613262643264393133656333373464373132386633306430653435346166
31663637343739393361653536366265313964323261613931373366646436313134633930333261
36623539326636353565646436393331313833616135633638323534396435356133373233386238
38653664323430616664666438343666383464613839303730623031306235346638316565363331
33343135343031333433363334376466636435616261616135643734393432316239323764323435
63623130366138656162306537386238373239663532383433356633653133326539303766633633
33346536366439393064376239313639336635366563623865343733306662326262386634383935
66306132323232313461366664333235376262326239653831613135343139386166633339376164
63393962656233663563616665343336636638646138666336306664386464303263623664663338
65333530386262316438313934333664343437346536643236333938643163313231303839666539
36636366633639666635356237373338613562666465343661303262316565316436366237396263
36313831303738396333653434643961643830653730643237653139643933626362666137636566
35393537386634363335363139633464363735316437356266363966623436653462346265393862
35303065373237623835613166656337623231653761626435383163313336653662613263613661
35643235376463343161656335366436356634303766316636623361386638646161653532653538
35373138313133353434383938356666343361323665386438336365656265633137356532376238
37333666393830356366656339356263366532623563663563393238646364666361633665353330
31303736653735363964613261393665363262313033373837626637306635366166376337383539
36333530666666326261373838376235323733383261643534333761353166343630366663633262
64373531663665326666626431383362386561666439373231393366383161373463393266613461
64663961386530643338616237343361313530343263343432363731626236316464323262616536
35303437633332383837393366626130646237643435303839653133386431333862396430666635
34396563663637666134336164336563633530616239323932383330366531653339623964366339
33643439626533376434383965346638643865333131393537373862646361663938633662666465
30383332366362356266326638613339356630343237383331663431363531646432363730343935
65373630623037656562666237623831306232336563616563666431356433626562613237393262
65613236613865626266313039626135656639363932656538376536316362363566653763353037
33313461653335346434306533633763373830646131303533313865613036363131366461393837
31303963333932343764396533663939333932333337653633613831383132373433663134343332
64313539326633393362366665333233333338633332363735383730653430646266626234376664
38623465396230333130323939383032343532616563656564336261363939363662646565626236
36326336646366373630613737623461643436633730666538383165323737373837656666643437
34626131356638363331623439366664333330623639616538643334363133396264343630613335
30626662383237353437386364373634323764366531663736313232653538376366303935353765
32313266393064326432626131336330616232343461386462633961626239363038303536343336
62313464653934653363376464616633656333623839613638343939636233313861376634306362
65653936646135336266653765343238353464333431636633643232323935343630623238633831
32616230666230353335643437373132383463376466303636396634363032393466633238646437
38306263663730396533343863326465326261653763333665396164666135333930376463333732
33313734313233373634623534636638663465363037623231626432373061373437326338623530
63313839313836626663373436613961363831393565643661363639313037313630336662326264
37623664656466323763636231393161343637333034323436366361373639626466633436663039
34376663616335386636623635333735316236646539363337333038356466326530613536363830
37363136343464303837633634323135356138333137303839336161396366633864353564323761
66663233663833323932356238363264373265643932626533313039313362393264376162323664
36363536333366306364373433383538326665623331666237393337653263383562633435626565
61356231653631313933656263646163623738306366326164393464366434633765303632633533
66336333366330613431336131653564373362383363333865623334346563363833663030663862
62383031383061363663663964646663353039363930333033356130653562313438313364663035
31373566633039646338666461366662613630346466326332646638326434393663306235356264
33663765623933313831323830333362383234643066666664613865376436313065313865646331
34613838313163666133653161373266616430653562666165613464393830383865326661353464
61333133616337343764343535666233343734383130343732623963363664633632663865363934
33336232323539623334623264656265633838336232646436353631666436643238343535633732
39343562323135356439636162393837663432313462623163373063386166623761363236316132
36636666313033383164636136353765306163616636386238316663383262393263656631373233
62343063363530323938306364373866653562383031333834343761643164313264373935353439
35613034393738646337636463323462326664653962356163336633633935643930383531373830
33303965616262366139396536626664356631313062353634646462623931346630376335643666
66306138303836666631376161363135633564643334376433656165623534326365393734346532
33373232363938313561366134356639363835366234306261363763663233346138643166623166
31393933373265353864333862313331356237346539636436313361336563313331333562653962
32316336326534333164343832373164643062343832363636636561663239666139643138306531
34306138393537663139373638626438356231326133643763303433366231643364323164633162
34653236356566386331343637663833376130656639666633353638346638353464313637663832
36643365333533373038323664333164336131666433633830653565356362376238393662363361
35346138626433626366
