$ANSIBLE_VAULT;1.1;AES256
63356261613161653035303162366263323533623562633232343631333932313435306164653165
3162323664623635306234333935396539316665656562360a636563393762643333323435643937
35343964636538363239356637313934323838316433663138643534363663306435383264646235
6562383830656466650a343065306534376635393137373666333764346233303839396436613866
63313638336564323139623835333734663561303166396530646664336437643736333437353232
61663334363933396663373132323535623866313962633666376330336662336233363138643337
30343139623733613964353264363331373931313334613863613061376130336138633832356133
38303038353330306362386432313830646466616339393137353164623164396166363739333166
36653237656530663262396566363733356262643262633538333336373935383566393238303437
64373635346231323930313232303063346133326237343861333766656436666231363738343037
66323266613161363035343535343166366266316431363663333363353436613362626132643739
66363138633135343437656535656265343230393535333137353338333031386337323165323432
32643165303066303134663630303934363431666436623665623730643039386466356264396335
31303631343335343531313939633430633139626563363763656532633034383530386330303566
36323661656366636366306631346338613938623936316235323535653162656438306564386430
32633136313964623964373765383932376335656632663735376238383939663833633835386434
30316461376362356535663530646637353733333065613035366461386363376437393537356161
65666630366239316437613665383932323539333464663230323032316637636361623330396430
63386465353731363962613635386539393930326163636130336164353032383762333063343661
66653433343366376362636465323062623434303864636631656532613839383930396534373639
61626463613831386235656362303934623531306163316562663137653832623731383563323932
62613564323763323538653336643830663638353531323063653632646165653166366162383732
64376237353335393066323465353531643332666461636563343337613562343336346663363534
37363266303963643733383533616663346564346162386239393665343263363466396464666130
63363361303235653339306233653638383630303763366630356533383337653137643263326365
34616431386265663361343834333964363636653833313531356538663635646562316565386662
34313363383637636233643338363438633638323531396435343331643733316436663236613430
34323061336166316236383264366135653335326530353862666266633334333361333530373034
37396362623932393066333736663434653461643761393866326166623261393336636662363865
37656639316566623264353332636631663230333136626464336463666234356666306264353830
64326533653866376339366531636130313432326238373537316565393566326135356339383666
30363066373933376264636338373065623533313034383530363331653766646431396435363363
64303532663536373838616662346437653531346165623535623165306132303136643364366437
36666232353262633339313235613465663430353339613866336630663136383963616330313931
38616134346565376233313562376136613932396265396634343832386335333766353361653936
66336563633332313066633832663439336663353536653663656239636363633935343231346165
35323434343462306138393435623936393265666333383438363565613739613231646136626162
37623631623930643434613432313765626265313136346331323037366364333233633333663130
30636663313331653037633431386432323566356461386661613661343262623531363066393539
64656334366430366136303863316432373336336533323264643766623766633337326465333534
35666436613636373766323866633664353436366434373565323264313830363038303465303064
64313839656261346461383839303565663434623662643635386562623230623632303361383836
38393932356532626165636433313463626165363134383130613531303834643431376134653839
34616131326366616133386539663062316462306636333661613762656234663362376131653762
33623466383933653235393233306631616632643139636530343766383334316263636138323135
33323762383866656164623736633431333062373461653739373834336335303066653662376439
37383637333563363362336164363564653439623532353237346533663761356134633733623631
35323030333632333735356334313932343761303262353763363764666262663033386537343462
31643861323138383665396538626539626638376463396661653339303738623064633930303433
36386263356163613233363338323662326663633162623162386430363332303830316236306666
32353466336636633136323933333939333430396466316637333961366235613133663039396530
38643631326562363366666132373238383662393531633235356433343562653732336536666364
65653139303136386332343565393530366638613836633432353064393365646566356362336530
35373737313234396435383835353839643261366136383063643763353839323939386664323439
36323031656565626562323932636361303337623234383962643430343165363332653364656435
32316232613064653232613338643434633934656634633538303962636336333566383137663165
62666235613362363166336139666666613363636564386235336662626163646661353536643036
39323462623036623538346466306366653230306530386335613835636136616538366361376337
30636331626239666166393331363939333164333065613734663666326366356435353534653061
62333931303234646533323538613766623231323839333366323230313765343931396137623237
33666631656133313263653432396438393736633962313063393132643465656632376331656230
39633336613163656161646637613034333035393833333733303830333939383331343334386238
32623936346266616566663535356166613032666437326138313730656136663366613030306436
66343233636533386530613432396438366362326163323737653262373334376236393433356639
66343636653539656665653463656231613665643930656432666635336430306336386339646538
65626230626462613636346136306237393862383638366133366132333363336439653866333539
34323466623339306632613366323763633335616134343866613165666562303033303766383236
64343064366561653733396134313061666339303335343133336366313433326364326563323963
39623034316533393637623764356637626361326137326230356630663065653836336664653161
33393538636535303064646635333137636231353462373037373834303837343064333434656164
61303661396230366633646137316562393937663535623733376561303963356166393965303034
30623165653966346365633332353831633431306364346665306533316535316534656664336132
37393761616233633036393962646662353737646230343361373165363364386637336636376138
35373565656537373234613731386564636330666530646638366531306265396335646634363465
34626264653562373662633433326335353534303230346165326565333062373434646238313735
38323430386133323433366465383033383230626364393937343038643630663437663836633064
35313832353665376534656165383662623061633566663862613766643734356238343233656439
65666235323736353237613930353330396634666366376130313132323031376465326531613330
65376561326131353861336137356666646139303738376632313838653161663538646662353164
35323738356530383935653961373530353931356634313530616161626630386663643534626264
36396164383932363535613031363135613665633237333930353637366534356265383431326432
31313235336438633263623938326165613732346535313564393438666339643161363061373838
35373430643463353366336638663664663466343663623938306338303838616336653632633534
65313132373837373465633466386430336437346630343166383064623363353736376331393336
34666130666336313661396565656263346231653636393033343766383039643538343062346334
31356164646336626166623332363138633464396435316539316565663961313730373336336664
36303839383661333265626539353663366434313265366462356637376162633535633136363664
33376364633463353232333037643866616639343066376632636566646238353266323362656331
62313936396631613839663737663333663039316561303833653735616463663764303061323964
63656364663535643065393031643639633961326332663863313933353665366137336634363931
33623339613838376264323838343534633237366133626639313738383238306636633434323365
39353231316635383161653634613037643736653165633235303762343534356637633663313630
65633030366630323764656334363365313937666232326534656166316564336461386261636662
34323232313166616666623130613137383034636134383462353239353564636263643064303339
63643863373637613263363133656163396432353838343431663866313036633562666230383861
36396632316232386530353636386434333963383437316463393164663632653464363863616436
32323338316230366263383137386130343736366164323365626465303935623863653932333062
31303533623335323263643836613165346431386265333433303931343334326137626334373834
65343734336635306561633235306563336638633531336135376130353262653336353063633932
38343933633962366537643232353063353562303135376634343033373730393933306563646135
62323261396266303164303362396662363138613665636561396563623131333434303334383438
62376134613561623332363534323461356431306465663763366462393732653334396363643066
38656564306366313632663433323530643930636434303765633239356230393638646139303130
31666431363664316462303139323334616638346438393231333461306638326535353436636633
36666237386463316362316634343730316266396130373232636465643665343936373735613761
32336233373665366364303731663039386463323666396562663561666431353834383464373139
65306336623136376430366365383034353766663437646162653838383161636236306663643064
39343432613063363363393865613561383337613465393833643265643563343431353839613530
39306164373730643530353830653230373636616334663335633562616237336263616339356465
37663565633337396638646334396265633339366338326464626539396339316161633739653732
39336333663434613462633366653266636231353136303365343562666137656439386230393936
32393833373135393539666638373362383261303261333837363262303261623634376530363337
37383266383737363962323131373564633737323161333738643436613164653738353438383136
30656336343866373736626634663362356538343933316336653365366463643333343063656362
35366530643930663366383665393563376232633638393439353366666535393663323437633339
37613666353964393565386536333136343632373339336461353464313136666539323039346239
62653361356232343462393630316231373036653766376265643839373561646534333535376535
61336637656433663836386435623162613530623330373031343530613338343730396365383939
30353366373062323434383463363363623232653332633664346336643634666235393735653265
38663364383132663335393332303466663533633832346333356435333563363238633534333236
66653034333062306633323162353435336434656164313766316464363663623236356333663063
64636338616630666238313233336365636363363462613232303162376331343661386565386363
65653939363836323164356632386336323166626239633231653365653636633930376239646134
63336230653561613564353461333366623462313665653366353730643831623936306133616435
38613537396465643035626531323661346432396464343664383462643365653930656633376263
63636535393262623036633233616466323132373864313736383437633431303532396632626139
66336366633930623433363732326631366530386134626565343232373363653236633832323639
37333837393766373535636631373036353034316439393964646533613966303137663265313161
33396133303234623935623138383833633839373135613936376432653663333533613462313139
63336137613438613838363238383039626536383833386535633161636262336638656134343836
37633038386236366563643963626130623662356563643464646366313761373634663132303265
35396239633339333165373337373964643438646137373436623937653262613237306337643537
36623962616663303036306532383738646235633635336635383462613666633731643664373635
66303537366361303566643463343266326565666466613665366634386533623034353135373764
32333666333034636530313737623038393035613133326334656633323331666434396566343562
64323736356130353038323665616236383861663465663039363562366661316635396536633331
35366334613462383836633736383639353666643230663966343665383533353362376162653161
33653336626337383165656263656462333465343463326532326461316165316533333432383465
66356236613866323737666630643363343762383661343362613165623637396133316562353564
30356437313934666535316164653763393537306233656162323536306234343238336137613632
39663135313335336365356637386331353239313430663332313761623938623435333563316162
36393063303038393632626665376535633435666334373530663166646431353933616361376630
37323466393235313361346133383733646237636364353031386565386238356439666238666631
39653662386164313366653165353238356163393963393634643864643963653262383834383339
62666339363331346265613134303736323931323265613232316563373962613465353237636631
34343136373830653339383431616164646466343033326535343964623734323835356232326635
32656662356363333665353762663131376436663131353032656332366532653334343165333833
31636564346438393765306566646564663936333233643566343764643330356437363837306133
34343264313065636163363761356264373865393362663333613862343963633366393461613832
36646632393561333239353535313135383465643535323036636331363734643631646362613866
34636166643764386463393336353333306166653632313631656631653234373032353935613763
34303931333834653831373133343430646538363235303565663030616462353262386134623838
39663966336232316538386339333830303235613530333133646133313234313962313433363134
65323330613364396261336561393761363962656231666638366561323839623764313732646563
66346639653365623432366434396363303861376661303563373332633432646339643363386336
31303636663365653432343031626362363666316139313863646234376532623030376466643463
35386132656236303539336662333033613066383966383062653063616165366462393861383531
30373861303862396633653165343933376364633135663939633532663964613665613832633130
64616537363638373663623130343434616461333739663666313436633231383762633537343030
35303265336131626465306534383838643730333065393132313538313565393431303364383861
39366437383135663665616231343866323731623235643931383535356462363334346431383563
36643737313230623239626337663064633837316239653837633430383931636639393336656664
65633736346435616266366335326534306633363164343763313961343833353331386433633236
64643964663966643432626265636134326237326639343130353930336237363738646262636135
61343432363633633263393966313135626634346264306231383831626530386531663232306534
31386137613032396537663638323462363439346538636562663766313832643362393737656363
30636339356532616464646532623737633034383865313935643433393830313866323666323035
34656663633137653537373335643239643436373233373563396661313561373263353466633134
66636161313734353466613361303237306636393239633764623834663836666334636262386433
66333662643765353134616337663963353431663538643236613134626336616533356537313734
38376363636337383361623437396661366430653261656539366337343439306632316662313336
38373038333137633231636130613133383566316336653134633562336235353932656431396461
33393063653431336438653132373038383633373861633864653466663666663130666364633561
39333930343531323165303730663566663661663835366538383430323333636462303938613236
38373862393364373636313036666231363234353664353733333436663832326430616162373662
36613964383563366465663266303435646339356139626433363031626238326335316235323862
64356666346664373962376236343232383231616666376339306537393432356262313035663863
37323237303234383462326634343466613835353837323637353837343965366431333230626431
63633536623766346636323737653566386234613062336264626162373761333264643563663530
66316534383235623062386334323862333865353634393939323663343931346433333336363866
63363864343932363834323531356135333761326366386664383464616133373834303033653430
61633135313563333264636261633263363765373235363261313134623331303161306336353831
64323736363061363934616237306635636237613338386365386161336662373634303666306533
36393666363765643339303237663965386437386663383466316665663161343038653262336661
32636430633339623338626538613165386430666264633662613866383839373866333734343664
35396232313636626130396238303566323730336134383066643130373431346130396232333932
32646432623931366166356230383765353831363562303530313433623933316233353566376339
31616666363663393830396534353039666235363832313239373035366262306531326138666130
30663132323233396234666438663733653661333431663065633539663130613731653130646239
39623637386235356338376239613831633737303630646435373363623462323265656233663361
63613535636238316633616137666638326138333238306365666166623737376362356537306438
62626332393061373733616538646562643266613238643262316436623966376633366437366637
37346532303530326561616337383061393265656562396336326662303434623765613732613732
34353063633665303238363266316237363435613630396332646330313536646436353736303561
63333666353634373938666361353036353436333765303730613763633139633335663930333265
37633634323839383234303538643439366366633665333638306333363935333061356466383934
31656463383066333762383061326337303964666331373532383432373432386630353164336238
64616534653732653132346235613539313930646263623335313837643537613734323230363663
33663732363837646433356466313864666166653534623932323133313338363265393062613465
63396434633332616236303861653665643035346431643632623561633730363939396161616435
62303433636132333537383733643962306332636262666530303632336632643965313461336137
38313731383037613536656432613561356361393334386665326230653035363132366532653138
32303239333030386634616536373465366366323065333535393531316166343835623935393236
35346366363836306438373338663735613431663436643831366437333839353236356565356537
35336564323337653861656363616636333436626137376261383538663337653234663631353761
30323265353938343134316361346231386363663236313935386334313631306136626433626632
36623162646138306131326262383930663335613064386233326635363732353832363736633636
32373863633165353561346561653361393534316461623337383030383831346465613533356634
35306239373539623435626133326163376538653934386439623962333565393838616433623334
33313935373962346236393161356533616561616633643332663836303664663364373631393539
35386332363339626238663138633532373038326161666566323163306464613461313736363063
32313531623762663038626232383964396534376633356566643539353461356234666266356265
33653361633732636130316334623362316365616366303730366663363836346362643238373363
36313839613536353662306433343863633236643732363035666439326165616461313039363034
36343963363639383938666662333064386563316538316531343266646265613662613966653836
30336661663536356639
