$ANSIBLE_VAULT;1.1;AES256
39663562373539636539393739663661366431303066643735386535373538323530636238643862
6431376465393664643264646338343233323963333965390a393362323134363932316462396134
34373235323337346365393361346132613863623261313732323930666137383134383733353666
3865306561633433370a646332653163653338316465396438363138613536623530333566336339
65316236396436303837363339363765626634386366626262353335643832323562386630323938
64333165633064626362656237323463356664303330666535313062303665643433383162383863
62653731653936363163646537353564656665366166306431663731356233343462356132356237
61373062383732346161643531306563376666353435373365333461616134303136646230643164
34356235313230386239363535343435313331306333653461363733626463306661636262353065
34646239316364383936653963616465333332626538396133646639316438386632663039663138
36363239343165393966386466376430326665663762643830396333383932643136626433363439
36373430386363653561316166363536366139346362616635343966656661343333666264353166
38616235333233613461623466396638386661373632343966663537326439343862363932353661
33313365666139343030636563306430316337356139653637336662616262366535666437386435
36646634633661366436666136633563336132396135653366636132343265376232313639373063
32656337343932333236623662326636373562343964393639623639326662383237396639633161
61323834633762316465323631363830316335643235306537353630386664303138346362343531
33343134633863363734363965326332633065333566393565383861323430613164366330303163
30346432373137303033626535306535666133326230666163333566623937616533646134626665
61383831383761303165323662353434333232363536663463663332383761343263313037326166
62643038373332383934643737393736316465376231353663333032313034626134303861383235
34636536636431326236316665313634313637646534373232376632666263643139653637303738
31663561643939353463656262643166303733313866333166353634366334643836303866313034
35383934646339393934623931626230646336653039633762303934346630386638663331363965
30653565633062616238616338313038633530393937653961653439643463306565623664393665
66363761666634653262656366333661643166353032613739656337663966333630373037633830
62373438306462626436613638393837313332313834326538313165613138653564356138323462
61363038363937653839336130346565303137633638663934353136636134633461663231363735
36663332323939643335306639346232326534626666346132393232373462616631376365363337
62306335613863346232303533323637363139343764666537393039653831623839386263323432
61346163393964656431663965353538396436623963343339663036383962383561396630393032
62616265623232613263353830333136623263653035323235396639323133343032306531306463
30613136646364346261616536303265316366383435393638313235363261646262653939363937
65623563646232323438613837623631343136633462366335333932646162306636383961623463
62363031613630323434313732623730646331363434346266323030373462303162333863356332
66343832366139333539386537373930373664613435616436623730373063363636356165623734
66343236333263626334636531356439343364373138383938623339613166386565303239363561
32343035353664316235383130393531336334363836646366333562366232636138376666303364
35613962366336333033363131333932373530626561356630303861656432303734666233303563
65376462653734636538343833613932626236316163326131626463326333336464636136356362
64363130386661313538666237343066643639313830303562386562316232643338383133383566
33363437653465346334313738306436363532343261366534633863653561646264303431613438
64316133633637633262636164343064623130646632373439346166613263346234646361643434
34653062303431633233373061333663623964353833633730616231626562653963386665623461
65313637313562346134333038346239613539613664303764313061323632363463646661383234
38303837613835363265396237613838656563613461326466356235653238343661396663346237
62306533663766376537633566353233633135343162363131366535393037656238343336313235
36663062633431333635643733376238316438633966626166346136643630646138646235663265
31653135633635376432646234613032623134396233653164613531356161303265383230613633
34346564653231316565306136653265363235633932323234646461353832343464313731396431
36323864383966313630626238343865383762313635386137623732623930386338306161663465
39313637613863613233633330306233626332363830636439393933666564376665353233613535
38613562613434663835333835303939303437616137636261346330366662373735313864323533
63666361643738343635623634353363346431333835356635383038353663336661373735616139
30346430346263613032303337643866633830363533313661626161396337316464653861633363
61633934613437653362353632383039343262383333613138363539393137343938613537663462
64353163336661356263333633303831386130666162613733306461353839313239643833376437
32343137303234363334663161653133643438633162346334326431353161656164333738643566
37633966616339376163363935616234303763393038646261653139363962653363666162303934
62633936306237393132373664666133666335633065373062636330616637336366383734323761
31396663313036613736306666316136363732623434623730363532613434383733623737363132
64373633643331353636343234393365663464313935646330656430653337323437323239323962
36663565333539663939326565393962656461613032333532616435653065376334346233393832
37376332326232633030643635613764313466326637313234353064316166346263623961363933
33663365306161373136383232356630386436646230623233303065386137366635363266663461
62346136373962313966373166393436396334376261306531633434333662303163633731346134
39623835616434303734663838363865386364646162643432353030353137393864316636626436
66646166633262366339623131623466376534616162666337626266373864383162353365313439
32333931363336303736663966633564373139663965343064346461306462343738663339373663
62663363386539656238373066643037393563303434656638643365666539643438393933393438
36373235376166616334336436373764623163383966643862643866333936396233306166633261
37666363343165336231356631653163663237613037653238636334643931613563663266396330
39316531383562303032366138653336633239323237313730316362303939303638653363326537
35333365663162336461373162663764623436646163313265636564336433363038343435373837
64663532383730353066363032323931633335373962633039623833303634333939323630383035
38383937366161396535313539623064323266386339393937386531316435393331663837383532
32326561373366643565643438373333623263666465623330633836396637313066306334653531
66643563613162623334343163636663613964313366393734393435306634313938393536626435
36653237343737613230643166373230363566613765646466663963363537366439636532626463
64376633616538616364646632386430643537643634373262333632316664636431376639366439
38623830303639653737376437646563396161653761313736376235363665663966396562353839
61383638353835396632353230303838626337663135653631353537616362353631643163376165
39653532393832633836346432643863623138343164366664636165626334373435333362633331
34333762383836323237363463613165323930376431643538623438356536393336323666643839
32373036383337623633623433666538616532613762323463616464303838303639333433633939
32633637363365313438633836653435616365633365613933306130663233626163363236316135
33376135353730343961303064373331346661653734376563393731313231666437373737663931
61656236653535396464393338336139656633306235613366646461646164306539323362613931
63373837656632373563643663376363346237333062373061346636336265323064663336636132
39363866623131616266326361643631366631303733363536363530633332396236353338326362
32653038633066333332333935303362333932653830626632623761333436336537346634306432
39396639643236393662626532363737626333363362613337383561653866643364386637383536
34386538353932633338333339313932346232636362356335313132613163653064326532613938
33383538373331383132393066313031326330393235386363613830313361376234333430373461
66643236316334323233623732386438386365653336646237656137373730623164643336353464
66653032333230393232653030383735616366313266333730383035373863346532616235616162
39363536333431643835653266303966626634333531656139363630646234343039343663663166
37623365333836633438396566666631336562653532353962613863383761343161333638653734
62303133646166643263353062326262666562653130333830386435306362333333383530323230
66323934363735366563626364646266613334356131346133303634386165356165363734663136
62333032343530383963386662393964326263643662386332633033633361326630646565316362
61313437333733353165366563386362636330363161636436636539366531656137396233306330
37366439303831313731303166373438323266393739653837393462653062366435373437313433
33313865613630356134366635363961353133393834626234323537343565626331323934323564
30666161366262366664346265376537393533383831326636303738323162383931646231373665
65383765623161616238306564366631323464666162663032656236646431356366366632333636
38326236313762623833393864646338636137373038623238343639636634353336656463353134
32373130636562653165636266303965323735623063636238623265373930306436613233626131
36303362373961646362336162633035366465653666363837366661656361376239323938653639
34633133373835666534643666646166613533663964383736313066373365316130373434626433
63346638336238323232303033316130626532363332383137643862376135323230336530646237
33653332336632643761653363306664313437346236336137623139306431623433656431363561
34353738353830656566663465323430633866656232396639643261323839313361643266393332
37316631643432303566346566333033666538316261326435663963326438626266623263623465
36353062383431353838343231633065376435386433353632623065336336323565623063373831
38626232323162323364396433366336386461623363323764663764653036306463643366313332
33623966346237333766313936316465313338663161646437343563343930656132306131656461
62393539376466373531633939646632333033656539373035656535633238333436616233383635
30643862663366393039636563626632366532353633376562663063313062353336613131663835
37316566663038613861326230356232616662396537636330393562636163393931666339326433
36616639663036633264363665313934343666366663343563636432653538336362306333623835
32633963393138653833633731333662663432336465356666303730313362396537383163623363
64646436633339666331636536346630666631333436373630303766393036356134333764343531
66636232666432353965626332343962343532626366306666663066666534636364656135303337
32663765396665643530313161316662396235336237626566363433653533383235346461306564
31326332633963393831323539653536326434613431393364363030356338633362303561643738
63303735316562656638386133383731306165343039363265316330333064343839373030643838
34323638346537313532393036383666333566336331363038653835323166366262613131363165
37623663646634393439623561366435396231623366326338636264343162306332646132316332
33363333643039363031353033623730326535356133353166306166666537333262353231393665
39313766326163326365323966303433313466373935636432343535353461626638656231313330
65326664383231386432333366613563623562633934653565313439656363393231663237376334
64656433383861646439373633373864356631613961376135333035336434653633353532643634
62613732313462303264643466373062326561323065623233363130613763613330386136633136
35333064623932363439636637333135366535616533393635313863376465313434393561653533
65356265383034383637353030623737633434363130323134386433343533656666356665313034
30373835386361343837653165393637343865636233613635343233333363646635653333323564
37373333636266346232653865643164333137663039636431623764386332633332353739646633
62316261623833363630376566343530323535333562666632346237643634633931346530643831
39306433393631306430643661646533313535396335643836656532383730306432653138373063
31326236303338343232663964353966613332663130636233616237323765336538663663363461
62633130336135666230336635623161356165363835626363353264346536653739323963363864
37346533336538373232643135356164343364623233353636313066306632656130313961393266
34363339353936363231303133326337396433353864363434363761316366626265303431636261
32656661326565636333386138636332663830313530356433386264353864386665313566376662
34353638646637663231333265376432313232653665313234303934393132393462646532336462
37343463636138363939623337626161376238326435653038393535353662666263323836613135
63343535643433653138663061333839313361306561376665393833626432323331663661386231
39656235626631616132326237656433613136633865613336616263313235353662383063363539
65666463383264623466613037633164353865626566373138383234386436336639343731626561
35316462396432623065633464306237656237313438656538303538363830343162633834613532
62383762363338663264383663646535376235643666626531376235356261353334623233333238
63633731643966366239313737316134366430353838306237386362333562313464666538376661
34336138366665653636653762343339353534353434626565396664333432323638636432366563
64616137623566613965613431333430653838343339316438336137393330663137626566646339
37393065613661616564353961653565643736306434656666373366633765633033653234366164
38353632636361663938643766393566656331663561613763306439333164313237323739393438
63306465626539316339666266636631363062656131663432636166363265353538326166656563
32383139376539373636373665343230633064333462366331336631323163303365633231383033
65643730666165626265343731623561666466373733396361333030323238633737653534383864
63666538363532656532373830643862653731306563336631346265386663393630666637653165
35353838323563363735626635346232323665383237656232616365383365613037393930356436
66383830333237376164623161663665303662323432346163353939613639363966373765336338
37343361303033353264346362633234313232623034396531333030633130626337326239626164
66303666666532626664366139666435653936643838333862666563306664663163343330333636
62623931353233343464326539316335353764303662356231373063616130666661656233326137
63356666333030616433393561396334613733346661616362616232653938316238626464303835
64666135376564663738663766373435393061313333646134656135316566343965316631336266
37626533366433616566326130316338366266623730633565656630653434336166623539663561
66643337336264653034303464623066313231353431653036363037343339383362613037356462
36356534343166383735366331383461336438373630666338623338303734396238353334346563
66656235346365366436373864376361613361616665653366373861623438626462616632356633
34616339363231303332613535393934653362373664393732396432363130396362366463326537
61336131333462333933353562363964366664643930616536323034333933396637336338653565
33333063323562346330376130663534333733393230366362613937353465316563396662383065
62323839653334363538326434333938616532613162366136376439623931653937636165323830
61346436643963306130393331383437306134353763346234626566646533626133306566353763
63653038303064616239393937346463653033383234653030636531346265656638613030326531
34613734383936333137643133326365333639653036386431363061366633626135393634383965
35326238383034353161343135356238396262626162363233666463633830353631396434613437
39306635656636636332363538383636363333323832396639666234373038383762363862623039
31356563373332646536643339653665363830326232346437383861383639313134346132313036
39353866356361663436623830313632316133333265313938653533353738633033303233316331
39353162643832633937373931343532313231346333663333653034376336396339383539633039
37376162646231376466356263306338646431366261373834303635366531633234356233313038
61393665396336356163616536303062353163623163666234643130323762643131623663383862
63633638663538656363313334386536623735393733633266636431623937626661663535306434
32363332653738646333626439626635616632383834623537326239623861316330333435306335
33396264343335313735616464313832383039323434666136363537626266643937643238366362
35386163313438633633336466353463663862333061323931376433663337643666343566653135
61616265343565313436393932393832633566343365323536316661383130356265323232633265
37613632373663383265333439316137393131323662343030633931616362623561323566633736
32383262303135633736626238346664646339613735393935663265303536656635353630383237
38643765663232646436336162626365636333353735646639623164613962303134656161653962
65323365313634633963613733666337323165356434376466326631663461663737303734343636
35383131623337346339356534326137363230353032633633623735616238616334353537306537
64666266366638653863626234353934316463623839666464636437646536343335373835386337
35616436336535616365393733393031643665663334623962326138653739633831396237613038
33316136623962386536666331663939313464393163656161373363333237306635303934363935
63353932646438323334666465376332366339306239316331623464313334343264326662616338
30326237343234616435396364386537346265623238323963616163363435393863656634346135
31643930613333353463343637386639366163356162383531633636633139353139613234626565
65376665633663353461326162623233383562616461323638313064636366343030343938356632
36316262303662323639333162373166356466633738386137656432353131656566646530653337
39316539626163356435333665663966323262366531633635356239396666626438303163343935
64613763346666663337386261616563326564663033353933303936306236313639636139666438
33653364376539346433633733613637383339306236353832353836363666646134333562646139
38363131633466366161333433383736376664313332306432306437643438323463373038326163
35633539623538613861643263393738393164666237393232623830636631343831383061653833
62333165666361306335396662663863626139313062313335356561363133323331346630316234
38323964383365306332646263383664633233323261656466376133306331363062646665633737
64363064666232353538376432383030366437623637616665306330366637393662336639323961
33666330633237656435343839623536383461383563393134616539336566333735393461633261
37643637623235363032383938653636356230303837316233663865613231336336366233393333
31376337656137346561643632653731393734316230656538323865323664656532313730323931
32633336353964333531
