$ANSIBLE_VAULT;1.1;AES256
63356164386439303838303237656238343433326336363164633035616164633631386361353230
3934333033343039383136313433316135303037313732650a306339396333313461386339623334
30653036363433653562616238356431376531353934376662623066346531396138633161653430
3163313839393662300a396665373561313037613533336336323638366135343964633833633138
37633163306630623934626664393639383262623133363665363162373838306464613437393339
32373162323635623837306531663461303130373038336330383636633730343939376435653035
37636531346262373930653363623666393964666437643631396661623865326235663932303961
63383338663262313935343430383731626463323535313235663937343737373562323333383936
38306165343531613365366666613564613830373762613338376135623930363532663163326236
30316137353138356563383063623036373439366530623938343964303363336165346230383763
33643434383862353035653931303730616531353839373637356335333965643634623831646233
32356466623235656633616237623965333033356234383934636131356231333537366262333834
38666135306139343936613166336464323039613439366634323430356436643435613862633766
64376433623537333963643861623661353535323333653965323630616363336233313031333764
39343766393062326137303161343634346433653837353833373836396331393237306333343463
32353363393931616438336130353832343833373138346236376637343866663135646664373234
61646136313134653333306330623634346261623633663461653434616263353433306438313665
35626365643236393231356463663530366235666133326434323566666261353366613638303937
32383434376663336437656432306465313561346363636436303062336261363662306532633565
34633431373261653263303933656563353031663231623166383931396539646338366266393032
62366131623863353031303863633761353064633661643639383730633534613762303739623961
39343736653932303334666539343733656533313962343838623631656533646337316261336131
37323037323632373538636430306338613134383132663964613139393539373961356434653264
31343561306435313836353166653331363234393537303036346264386238383833373330363362
66613134313533323639343961653536646336653563326436346663663531633261303530656133
31303536323663343031356164656239323131643839386662326139333839386266376434386134
34633338353266373866616530636462633534623563313932313263653237333163303539343635
61306130643030313065376466653532636161333732336365333065653965396666653066353464
33316332396563343633613636356262373837346365623365616339366362326332366261613033
34313165623334373464663262383431363431366163303963323434636666666434373036343631
33653065396265316435343536633331326334656664666162376633303336383830366165313434
33393330623236386565666365383631373731316166633536653933323862313035653163343733
37613265616661346165623335616233613365633034666236613930313230323863373836643035
65613833363366646435663031376635653339383966616333343830623436353531653237373836
35323966306334646632346133393936313661643461613234666663333636613137313133653933
64366638383135616263363031386533303538306566346131303564613536636561303032366338
61316466306164613365396339313264643561386630313561346364393830313965613766363263
63656666393336613035366139616230643865346266346365636639343938613238356431303461
38646436363639396131366265393336356664356537626262366238333336643961366237313137
66653663666630393939393031316531343639666236386336663865356361313762373064333637
37646633316139343666643433366366336436373764383239303734393639633566343265313961
64343930373263613632333866366365343135353334343563306135626462653237613865313538
32633764376431653534316337623964313033396633326239666264376166306332373035303339
61646461303939333162616664633631356363383530383064346239366439656536646665333730
37356338613634343532373263653735663862613765316131313839363863316133646264616232
61616436643365383830613530633237386663353031353231306131636237336263646336333936
38643834316365323735613032303533343134303738353038623936303732646363363232343733
66396336623061616332666533323236643661383438616330306130346463323034646265313036
33396261643063333134373761626337663865383931333736623564396264373337373835366439
39346131386365373334393333386635613435373835633461396437366562643765386139313265
66376431353932386533613465373337363133363662346139336432393234356131626631393233
61666439346430393934306635386163373736383031653135616464353737356136366133343862
37313861643433313361343634383438616665343266303630373333363464373561346638643062
33306438663534343363366235323539643765353965633837643262313631316364646163613264
38363761323535633032393566336437353437376436643263636338633862626333663837616134
38616334383961663661643264643562363032383165663531366236666436303532346161376465
64616637623664336138363262393765623732393939336663333463386337663631386431636564
64366665313065383063653466373361623333643535633763616133636139343935303435646462
30663364323634613164376664323565306637353936353338373032666637623436323364373735
31643539353163323963623136373133626366306234366136626335326234626363646165373366
65306235623062366636636364316135336333376131323939373530303963373234393735633739
66323435343061623165326434323139303865313139656534343761343061336231636630333861
38353233613531353637326439623532316532613838663934303932666135316666663164623036
33316134653835303530653736656434613064393039633038653435326539326662343630386535
65383637323034336335626139653663656135313739663639326630623038346331313232663366
37343661656263653364303638366539653065343164383634383930616638343466353266313962
38376331643962653862393131376335623338376331303738633035393431623366336139373939
36323161393130656137343635633965636437303163363637326336396237653462346262646533
64373139326636393330313963353266316334343034663265656261643331376435393131336136
37616261333839393261346263363733346233313037323261653833396663386434646461343761
35316230356138383634626432313932376138316266363531353134613666316265633631363731
35633166333265346135633133653439363438613437316331616337356531383435373735353566
33383730386332373263343331626135326630303434316363653364663266313266323938396430
33613734653364666634316666393735663335373662376538623864363266346539643265356233
39653438313762663365303134663539366333363864613132363837633936643566643134353833
34353832376130653437613932633831316239396632356230303366623365393237323736643931
36663832306530303234646362336466306239376230616331333266376432346235613335623464
30376631623965616461326162313034623638613235393836653063373036656633643833353461
30393930623439323235636364633366373739323362386262373138646562316135383936313862
64336632323261323961346663653131373664313035323732336461373666363135643038633332
35343431303630323961623233306338386236633930616464363638393131616633316461323934
30366462663835393161363233383139383463633437386233323836616639636466363333353263
32303863323765303338353733346565653032333736313135633636356233616361643463643436
31323637653734303865313432303939323135623430323837373966346164333665653330393464
39636465633563376133333364343837376437653430383864363733393431353137643261376664
39386664633963663363396562383862396532303037663261316630343063663134376332306361
35303236356333343563306334323432646361313535316137653935613933316235313130356162
33613633636439373738666132326661393830343830666637643238353439303739336436616436
62376132356632363538383030633034363636343837643232363265646366376265656664393362
62653061386261613135616562373539636564643138326236306332393664643364366535653365
61343366333438333136373639653035643333323766383536396636303938336633333966643964
38636233646361336438383231376266383633373335613530313065616332666263633362313537
30643236393139633563633631373536316230383332376233303630333563363763356134393565
32623963346236303935346664353133373430336364393233656336656563336135376538356230
61303362633664376432316233333663356234306465383238316432373033343339376461666231
30386536643864633433396634666230616564383033363931373235303831316565646637383262
34343663343963393432393034323264316165656365366138356666306133643938303531326639
66353633616266383465393539373539636465303233343437323035396562643937316261653063
34343630636132623361306266373366366630336130656132366566303833313933653833356632
34613639616133666335373362623566343739376136346663303965313739623134353731636331
37633435313663396463326663316438303366623566323137336538356638393265323765643762
36333532623964643635396362376533663930663863333864356134333539656638346136363665
35623061363332666136303239336530343365323537613061633630646338353830383064366232
64363963393536326661386239633331323865343230336166623336373166643630323236633135
39653566383536343938656239363636316366346131383365613761383064643563353434353637
65363066333033303163326366396435633365633833356361343532356532656237663766613938
66333539376266363332363631383137306230613337393431383861346264383431353462653438
37636532383366623132633337373338373338613738346462393165626238313037333833353537
62356663613565636664636665396234373465336134643934386234383139373965653063356239
61646231376637393563633033373263383335306561393266613166383630333361613531333166
62323431366261323737373836633038376333323033393431303737656361626266303662303231
36373963643962613237663866303838343132633962383561666462316561306464396631376534
66316235396639343430333037316635356363663834313834396436623261366634346562373030
64323930366137663739356162336361336338306331393762626635386630333235303766383034
30393937666232306632356337346538626338646434666531636364623566396139376161333439
38643964383562643834306539396535643863396165313161336238636532373262313664633031
39383866333362663166376661373661653235326461653532646561393835636662646466326231
33656535353064303963666235373835643561336362366438386263343362646433396639326465
39343131653538313136336465356337383538313738356232623063303261633163333866356536
62386465653434616532663266363536346333633963636337343331323931313834306634336433
32323063653063616161643233666335363839326334643335376465636637633435393734386635
36323835386335373661396136346262353135663630393039653433326233616565353231376237
64633031323439303435306138326534326431653039636263633365316166626133663132313563
35643034376233383261623932623764623832656564363432313237376565643764333333356437
35393464346536373639373531643366336437363438336663623631656538646530626166663665
33663935346165356133653534366461633037646430646632336663626463393130333565633133
36356363373763646138366666313836396338343861386631363762643933373036656630316164
66353836323336666362373566383530653634383066346531643735656132343466656261393065
38363639633461613131653535343230623334366637623234643434643537386362323438346637
33323361323233353033633230376666666362616130363330643430313566633566383032366465
38643337616365353934633433643537323661616536303738323765356230396339386535386265
63323664343662326232633534303731326563336331343635366164366164346638363761383262
63313563323432633535343537663962653030643463373465663864643838383435623630336265
33623937613636636432363033393031353237303030616337323861303766623164613562333338
33333331396235353437373733366163376136656432306661653338633031626233633666363163
30383164663465336235363834323665303437383230623064356134626334316336396633303639
62353338313639316339623438353633643463613163643264326631363039386435663630383261
33653633363064376464386132396334323365636163303531613439636235623535376637306437
37633532343566383665303035366237373431643265326463313638383737363433656235303432
33613538376636646537343931303930643362303066646532353865303136636665323637306563
35303537633865306633366464383330363234643563666238626230613663326662313837336530
66386435653039326332386336383032393964383366343265363663633334366332363932316335
39383636326266346537323336396563363737613930316566356361343832663361666262376638
62333664316531313665626638373864643163383430656238366636353664633464663463643132
35656363633438626232313937326431333431323230323534356330666134313261333732353338
39303064313635623063633564653639316232616631623534343362323330363165383632666637
35623565356632653766366638353466633865656434366338336332363563396534656235623038
32653531643531336633313539356633623331613938333636616435323432326131366238363538
37306136623231613665653233633235323337666331346535636366373166353736396338373861
36363439363334626237643964386361336265353030386161643330343833656234653138633537
32363964376433336534376536363430646663646135346135613938626664356434336361396637
61333638346437363336633838316164636462623234366330376232336664326631326362396635
65383339313736373261366130323062333930656435303163363664306438623739393037653235
64633361353539613834323631336232663237326432633933623137653763623566363466373439
39616538343032623536666137306363323262656530393432363835383061306166393032663237
64663032656239386239366437663366333264373664643834626436643933656430356531316534
34636163346539326439383832353362623632336132663261343561666261653736643663313830
39363664656230343435383933303337656333613465313937623531356664643062653735376632
36656364383437396634346336336436613631623537653766386462383961386334303235333265
65643762313966643038383166656331326231643331316534313936373966313032666638363033
62653435613037383733663164316530393737666436636462313133386264366334663162623964
62333531373261323337363164366531323162326362363233353937623934336333643465373137
64353231323961366465306464323735643636376433613963383530396666613331653838636537
30323266366261373365656435323566303362383962613137303566366636323232636262613735
61363033383032343466326439613131643634313136383332656635626535633561646465646364
63646533316139363931303432326262303466393231353465363230616234393632626462303561
65323865626663346462636134313332346535363434303236623434643462366631353262366238
62653264383133616164653638646437623264396564633034613337656364656133666138336333
63323130633532633838626435346233623832373361376334616437353238336366393064663937
39643231376233333766663331303838643035363364363331666332646165316336393630643636
38613663613766333661613336326435306265326632393231323134653361366534633362313161
32646465663361386631396263396462356434653431356530623933366134363939643934363932
39313365623030613239326465663132336262326136613561356334666338616438663462363334
32363234393439616361626562303065303466336135383730656138613936623632643038633432
65653566343766363936646466643137393933623064633535643938333866626332366135373532
62346363353436326333323630613965663333316437626231623038353532353632653038653030
62643033393432386134633561643562613536306536663934643135396362663238396236306239
63306462313237616364653634383534393564313438363065343836353863303761326339646133
37316331656262623736316262353534343462666333383766326462303539636137323264373965
32396433306162326531663933616465383436643636613364366264353364613466363532333162
34323161653738363863393534633964336565303236393839373539326237303535636165313037
65656638666566346333623461303162656534663463663461633730393032343130653235373338
65383562333734373336323935613962366461396138393966666635326536313536316239323164
30303731653030326564393766656137646434393662353330393036616564326437303830356134
63663831333263633436636563613230306530343236623165353232333539303262333738333436
30343136626438643364356465356334643836393061633934646137633432306336306236663463
65336133666439386465383337356235393936666234356335633164336162363638373562383837
62373631316334633164376431653635383435336339616134646664303063336362643537373766
61366532353539373066633034316661633737343766656562353930653263313732613134663338
65343464316365633331343662353837663838623464633031663632313334626639316133623734
39613735326635653162393134366334326135373665613138656465333434613663323032373062
66653330356539386462626564396533376633613130343364626634626438663865613765373636
37373238343035343031323239373865373930366135333438356633316134373634353763626336
33363562363466366438623939376330656239383363353635393662376230653437396637306635
32363831396136653763323333643333373464353034346430336231623162316264353034383138
38643066346538643461653539636164396334616132386437326535393436636266333630663966
36656162396132353435326532383562313765333930646466356661343938336361333338383438
65393566633764316534636636643464616530346234616630353637326639316632633166626136
35303065393965303030303631396136313239623765336636313039623133643438313338656231
38653763613564353137626137643933613265376238353631653031643739646638363032643132
32626438356232666165396434396265646561336334313432386638646332373362376139376565
38626236323664656563653239646665366664363739653766333739663461303233356565346463
34383535383964373030636437393061316439643032363131383864386263393037376530363762
32653362306336623062643333303063333864333963396431306537626562353665376238323937
36343962323461616164646432656164396364366161393735633065613563656538633965336439
66303064346430343263626236316663343539316461653535333064306333613430303061663063
66396238616562336161353030373065663936653731353661333333376462636230346664383636
33343538663562653163373565386463343231623537643637376236316538646362353563656434
35356537636665323535656562376436656538383637396165376564623061336135653334316637
35633661346234383036316638333336313734646461383762356330323966643230323237306631
31383835356433373539313739626166343563623239333530393230363635623939623738383135
36633464373536636566343532363364356234376631343165616530646637336639343039633230
65323239363836646532613565366530623164646163393834623839616136376434393030376632
65363037646163356633396139616561393062313662316130663632323061656439616464333165
62333430343038343466323138666130306431646563636662353962656161643032393962393665
39353466656435623764613635653637636362626630636132386665353761646636316530653965
3266
