$ANSIBLE_VAULT;1.1;AES256
37363038383939616539353565353263623530396531303831663039356330323630613130616265
6365396433396334616438393531303933333133323039350a653637613261353963643266623365
38303335626430633862663734613064393163636536376233353930373034303965653366343763
6164353637366164660a653530333939373434663165303961623263313561373938663237633461
30343662373931663336633663623334316565333432363864643762356635616163626533376538
65363764616134313230386162346131366230616661646634656431633164616238663763613033
37303937326639386265613831343137666535663532313764303063623633373762346538373364
34316364646664313764663166326561646532353333336236336633386636656335666333363536
37316634323736336139303762636231653536633634356363623666623738316262353037306436
37313733613836636335353633616238383531666366363031393765663032353533373266623335
35363866393732643630373533326530376631366134353138616537636561346465346330376363
66313166386536626433343237656139316230303839303637326235306563343963646366376365
65336564633239363163623433396265653233303439656138626664396263666534303438396233
32653239643965313030316663363364626161343432613233306232353463643830303931336331
61383635373334643439616236373363313462623661326161323639666233363663376266653137
66646531323337656433616464646362353831623637663066396334643533383963643862333261
37333162643334653334356434343063623666316637313663663564353131336135373634626538
32616264353432326563376234356231346566356131376630356132393731383063613766643135
30303831363635336633326565633737623538353130386539336331656636336431343934323666
62663038343363653265333038323362306261306335366239363838666537366237633436343734
32653033623263393037313634336435326163363663626135343331386136636630613832303966
38376463336665366638346433646233653866333432333763356134386336666362633136366534
62336437313266643563343862643561343533303430326266653037313534646663666364353263
66616366666230656331666530323866646465373061653462393630376564373336353162343664
32633164303365383433353639376435313632376666326239303138323933353936666439353734
64353634376238636437363065306232623132366336666438353433613032393766653762363338
63303338363831656137363032626436333463313331613639653666393165356335356133656532
64313030316436383230313366383037386132373763333433323633626665653737396333633866
61393664643738353763663035626365366639636633623061643932323165663736303335303435
36326135326661366266663163633566666461353865383132613836633037393439666634316465
34373135626336623038373335656131326365316135333031353736323937313831363063613439
35623031633933613638363034386135333331313233373162383462336530366335306433376366
33633730336138303333666338373937333739306630343663376164613239343033633261333963
66396638393861373364383237623634306561303362396131393562633332393635356162323537
39616363323561663537356431653364336138623536316232376161646437633638643137326138
64383736343761366137663831656566353936366365333636313664303465626434343339633637
66646633326333346439356264343636376639653031623332373163646231316466653532393935
30313436323232626139343035616239336532623135613437653634366462383039393239366635
39626232343966306561663864623237613431316536636534633430646631303934623937633062
63306536373231383734633461333232323334393833313832383335313962633334346161373436
63353938383665613635633164343863363337376361636464376332643561356562616330346566
38346364663233373236613938663737663361316638623563363937333665333566613230346461
64363832306232663139646338353038626135313730646563386139306363643430653736616333
38396133616261633961393066376537663634326232633961343139393161373762323838633434
36323730383631303262356261303066386531663634653135383864343231386565313763323864
36303961316636323836343839303062646662353864663035393161613163616233323065633332
31613662386339383264633334303532373139366662666564313162373466643663303361316337
37363561323634336638373039313536333130663062363335663733363665653666633130353966
39346532366236323861616439336335336534323864616265616536313865626439343736336435
34626265346361663739383638366637656561316239653131396237336438353032333864333231
63383036356466323637333830313565663637646435653133373237376236373130383063356263
64336465643435333734323835636234363762343537386133366366663365343338613065393266
35636465653030623839343433653034336339313035393161373732303663323862323236383738
64323162373462666634306137336236643564316564666566643339643339356330356362396433
63383538316631376431323563353131383435663032643364633966356366323332376334376362
32623932656137343864653439326135343933626562313366393438323835616666666230333035
65323137343864313431666438303434663063343033343362343037303866393036643461346665
33386636326161633964303865363665653834396331633039316535616335326632623737373062
35363037653131643833373038343939373933303636616139643637326363633461356536353235
64653561326364306634356663353338353034353864336331313933356164326466363534343730
32396366366538613539316166326239393535623730303161666439343936383634343839643936
63313365353766626562306262343662646365623132313031613161666530623164316264303739
64666539376636393166653966663834646266373133333064666564346131356366623535626135
61613736346633626562323131626438653861616565666135306433333436333630646638333339
38616132303035303364653265306239633861623734333638653464356662316333376465333164
66376466343736303733653462643763306566623562326564616461653136326139343662333037
62306633303333653062663761626231623962343330646638306638653936323733366134373932
35353339643135663861623932336432663737343962343064353435316465303035363766623537
62626331646538333965333436343932343637343664323035363362393062393265653661353430
63643630326463356433393366313035643864623533383039613762303862666365333463333462
37326365333965303436613638653230663763386666663166663839323736623331643261363635
39393836663565336132643663626338383233303831326232663431616239363039333637323331
33333035666365666465303937656265663535626531616232386563333333363961623632393135
64353436303762326430646166383935363162366534653634366130383963336136393732613830
32373536613231323631333336363639326531623231303862366434636565653532636535646638
64353035313536346437636231633932306231343236386530383634656361636438316364326539
36373436353261646230373764316566353936343133303535363362646230363533383434353765
36636564376262666365336234623663626431613033663363316631396466386132306561643365
37396165356132363032396331356339633033613861326336666563633139643036376463313334
36343061373337653437323138646239363931666436656565633165646166353262646137623935
36396431356338313837316436386361393365643031346565333362346137333339616264636235
62376537643465643231636563626534633833613832643731396262336234336433363138636336
39623239313937303039636638633836653332313438356463356330346239353666396565366161
32316139643861636535663331333635313935653030666664366164636633303936643837363863
64613338386161303266316137363431336234393161386263623465353339303438306136343662
38623030393532373566303366303834353535316265383563323761313131656331663236616332
64386235373762663065323030323837356166643165646632623638353433643930636161326363
62633764643437303961333264353263303135306164386663343662313565623639393032396435
65383031313362636434363663613561626163396561643561616530623663613865633663656137
35333462666135636134393663313364356633306235396435653333633963666135653564316539
38646433356561663137613563366632666364386532626331663061376166643135666336316134
36643335613037616330363433383764326362376633626363646332636432366531613064616437
66396230353163643131346666636639653863333835663866663431633036306134313866663734
63333232386238643032636134613564326362323461393838366336303165336236333562623965
31383835346238326266373561666238326162333737346637643862363761663530316464333438
65353431613634346537393236383837303830643362343164326334303132343537346430356339
34383534623265613738393164613138363136383064363762383533656365623033666238643231
31653439383463323065346530343630363937373564316466643332323833646138386663633033
66366539356536626139623532373062386338626564393130353335373064393765643164613030
61383261363439313231323461366435303561653361633861643834623365323437396335333162
37663465306466363463633535653330393033313263336466306632373462656134376562333437
62363463623734613463316562643237663164326632343839396464656235323331663137383635
30643731383731303761343839393031356134313364356531643962306236316638393030353733
36623633623566633839316564333932366561343938363934333161396333373630633063613736
65663733313137373537636337303834323338653862633136353939643736353165656336323630
61346364666662343866356432376331373861363362663761333332383530376162363334643164
34626261633263393133666135663766326233353539643532626161366462333434666138366330
35366165373030386331363931373532626266396462623930383263363136643163373639363339
37376134323966303561356461333163346133623066653466343562303365313436643861643439
32666635326262643462643030303834316366303933363439393037313035626263383638336239
35386634376563663662376333383836323166383532636365643661643532633165326530316461
38306137646330653362613832613130636639396335306438633938333764323036666235626661
35393434343564396234663234376563663865383330343764393363636330393435363332313233
38643438303733303038616230376361383333353662663837646261363734646663626465646137
38306536623139656438306230353236376637393264333832396235316464383930646465373634
62343465383431373164646437306661633539333332383136633162663362363962323239303037
65616461633934656339316235313365653233363739343535313361633332373930393031336235
65396533323835663337616433663961633164366530313032356636313838383832326434626237
62333338373566386637323164636237353762633366643037303736356165303138613934373761
31303766643439343466363835333337373031616137623135383331356236383333353963313961
33393765653137346137656431396132373831666466613961663664646132646362383230386530
39643634616563336635326165336566313462383564373631376465663137656134333938363264
32343362663333343335653734636536643961666336646233336236343836646264313266313836
62383732333666616565346437393761636266343562666332656264353031353461353461356664
34613062643862653264313630303535316535623633303238663038316463656235383866386434
66643765396462386130653663346364623464303834383331636261626436316134646236346664
35643436393062333363383462323939393366633833313164663562376635303063386464633130
37386530303131316161616661326365333165316165623265313134356330626264613261656539
64333563663838643735326438393463626537363362363535643238656237366131313736636438
61373638323266323834613034383764663336346538623464333239393264323132666662353235
65643134376139646566313135353336306462323838666562636339316465383163333366626637
37353064343064303565326139633566383539303434643034663038376431316137616661326330
31383363633036363666373062336635373433663363333637663637663736626536376138333030
38646637623263623962656436366637613961626661386334343162333632336266326333643137
30633831663230313266306131633336663832623631346531376137396231366535643031346161
65323032663230646438313238343735373036336535313136653936373631646434376662303464
61303531346639333232346137303664643131633438373939366162663838343662326139353361
31636537653133306663336561373262386131376362373435336231396662373233383234326565
30643064653764633533346664663961643030316331386633623030616438653061313435326231
32303739386333633733333138613363643536306535363637353130306136643663343139373135
32373261326565613163343362303361363736343236353065306431626233373634643863613231
38653465396166336165383963363461363730363763383661633261653330353061336135343132
65323230663933313633656532643534646430373534386539316661323964333331303936313133
33656633376137356131356265623533666466376364346139363566643033336531653233396635
65623233653565393133653834356438356366363361336364646235313739356230373463373238
62633536643234653232643764646235373332656532323866626662346162373537616666636164
66363231633366633264363765626365663263373461613233313332636363376461363837376438
61383463386263373461316361666566326134653134346263363634666330613838646435656463
33396539373333383938346662613134363862363735333565373337303038663139376431393137
31373633626235383737663466353539346536373139356537336337636631626633323736663831
38303630366336343265616232336161383534363038396335323236376431363234323263653833
64376338643833663230653731656166303934613839343632663564623732333338303535346332
63383238396232623733386636666633383931343139653438356531383630363765623865316236
36343866383366356436633538613464366238303735366336313662666166353936633637386261
35393836346531353937313336306163336134366462383734316538353538646131653931663561
39323633323239316635306464323835653161393234336634643965363565353139383538656366
63643030623664393635396634653933623633353066653630386665306136363735326233656533
61373735653030363662346563336439383631633435366266663639386639366437646165363633
38376566373936376334333365616362626366643437353839636136316464626661633133306139
62323830643632393361613835316533373162386337636365393736626432323563366361323262
34653866363339316431376234386630313135616436393964383230636337386332313034653238
30653734393166633534303738646663376633356266306435356638313537326230316533633236
34623935346565306664643963666363653930623964616662313962313634323135366166363533
61343333303430306261326666633130363031386435656238336233323765623930396439643765
30323264396233663736323362303430383136396432316262326232393431323135366661336334
35663334616462633834386535623234626266663834613039383066313962353735333764653534
34623637386335306137303834323530613665303636663731346366396436616564646532383138
64313063346633616531386137313930613332613132366531323564386134343539363832663133
30373934643236633839366134306264313234373534383364316233333538386639313433383765
35656439626566633438306433643965353762336337663938323563396166393765663637313662
37343930613438663733633734373865636561623838386339396431336261623836353835316131
36396433653764346661613964393366383062643663323164656435363832386533316566633939
62623265613634656263623439653465393137623532336530323563636365303463336262363530
66633238303132626138663061656463346232323332623866356639316631396130333530623761
63636533363361343162343130636633333036376632643864363136636363346336643663316139
31346363663236383034333038663836363962633539643738346664363230636636303733633138
38356530373133343132353738616265613839313464613237633337353465306432386531643335
35306533346661326438633631373335663666303466383338396137376130363537653664303436
63656233303363366130656561636465313962323839326162323338386264663466623736303637
31343239356166373363386636326263643866383734306333373433396537346634336534323739
62373336636362326333393834663032363933313262653433313465393738633237346663356133
63616231636238323430306636373763303637623663326135393233633232356530646231323266
35613734303762333532313937626366303332633133666262333836353864663262356539613437
61306339336662303732393663663538633764613331353163383138336333383834373131616330
35633866626261313536653833316163323536383436333736646234316166613239613935313638
39386163643963626233386637376264353564386535656362316435306466653461613637373032
33643831363238356637383330666665306436376230386430393231306664663836333537393435
39623363303036363930613536633830626536623163633538616261306464346363343765663164
38336532666332383733303461366235373133326331346365303363353238373263646330613465
37323365626466646634663832396538626363326132363030313564373534656464653766626536
37666563366566313635613037336230396237303361313030623064636138333633633130656436
37663861326662663133333039393963356235353535383037306438626238653436383161633565
33653537616430333262383231336465366136643833343736626335326662393839383334316631
63373932336664393137633035343333303534666339383930383734386266356438663733356163
66303131393736616664643061613930643534396539653938653537396263373231386565363636
63373235633537613466346563643965613633373161333531623362666662366232363433323965
31366233356135306339656262623566386637656532303232373831353039356263356563373536
39383161633535336239656331633463386635373062323861353765626562353065306534333261
33356139303937663931303563653166323338633565313830633134353036313636656561356165
31333530323432623761373966613833626437363338303564656566386338666532326563323965
38303434626131333231316439336633653665303532666163346130333033363661616266373635
31633766306334613665636234626133376638323832313262616261316630383131623665643732
35356431643634313433393936353637346238666261393838323265366436613631386135316465
31383730643330633663616232333036626330643561343065376565363963306236326665663933
32346430303039636662363562666533636234376331643264643836633339366661346232313964
36363763653566666664653336633138303133323036316130653737656437383839386564393438
62343132663437383530616362366261333430653831383661333663633034343466626436653038
31303662366436653966383363663865313936393935616262303732356335656565336435636430
63343662303462316534333833366435346566326432643861623365343438613536343130346564
39396437666439303663643436303331323336643835646362623232303863336336336436653333
62643139376132636238663264653063653434383636386234626232656364646431316331656535
62653738323437663937646237353433306337323630353838383266356364616465336532386230
63613030313666393635656262363665656235313634633730366635303663343033663465343761
61373331373938313066303537346139376331343665613932306439663064636434313464643232
36643036653735316130613030383463373261353266303037323764373662396362346335326637
34653330656339663439
