$ANSIBLE_VAULT;1.1;AES256
32386664343037386637373236643034346564396666386331386137653835386130303137373137
3734383564343733393338623337373063363963346132350a383436396137353966363738393235
62316338666638623239613534653336356566306566316566376166633063303030386137626139
3033613432306361640a303933373538663366396265373266343333626261323530356238316538
36303830323932333064323536363262386639353334336562643739646133626135303565663063
66663365643630633436323330613137613236633065366161333635643535323132616530363536
39326235396239393631653338303038363538323166333834653637363561623938636632336332
39636366633738383732666664333337306661613563336638393966343861643739353134373737
31613762666338306465373130363366613636383063383132613538326164353761383961643363
34386663316537393863306261373939363239316665386633346138303039663163353939303138
65663864336161626139386436653861326665633635396635646166343130353136313636353135
64616364643865313962616633346637396531386666353564613137656363313166393562653365
66373664343766613233633733633935623431616266666136366630653138653663623964663630
36613835383162623561363765653534393264393962353763613435636539323466626333353434
31666333323632653964663531623934323432663231383732656638393738656666326134626335
32363430373336666464396562393063366531326330353839303033353637633636376638633638
32366435663036643364663232656533656366343130303165313538353730363238336664383863
33333165363136306630393836376430343438653333373064386465633133353362343630376239
33656433326364383639643666333230343062616430643734613037653764383632313233666334
31633166393930336565653032343433623462383437663763663635326563363235336366373662
66383062366162346161393734346664356564616162336537656439316533373036643461373061
36376664353865633236326164323936613830333932633130356431306635313762393838623338
62633863313531653330663766373166383263336232396335623135633931623030383133316566
62626538303661383133623331316238316336323862633861656536333636303363323538303736
64316137396164656238306165383465343433313966653736316264653138653338363364643631
31313461353136633966353432306135363361383431653132653166376563333061643837623066
30656337333063323436316164636437366464303334373666306666646438663631336637636239
63333837616133656534383437636231313163313464376561626562363465633330663561646166
34326230626165356233313831333263643165306639646438333033316566336663613033636233
39373535343165653133643836393133343133306639663562366565623766343930353730626665
33336237343363326366666336323537653663393664663730623466326465663430653232393363
34393331393430333735313739323335386135346166666538303361306165386263383834383132
65376562623964383066363763383863313763333466616233616331316134343563636262383664
31373439383631383162346336313734323731316238636265323737666366376636326461663530
31626362333162346132346132623733386639306332353236393636336265613430623263393663
38323535336430626634303935316165346530346161633665636666386432363736343430343232
63616138626430316431366262653832623435303465323830663862343961663733303539326434
31396137303362306265383562336465393936346435373261353034396433343866346337646134
30623166363564373533326465323733386462303834356634386535303063653334326362376534
31306163363833343632653133363064653364353665663138336532383665373034376532666565
30396136373565363761623962313237303331383139643962613663326666313436656565643239
33636365356638316137343332323232393364333461323466376139306336336639306431656337
61633536333332373665346332366536353264646239616263323835656265623962363633393235
36313666306133353764653966643535323734623034303637343535343865323439366265326237
30626435323636656338326266323965313365343236376237333539306635333332376165376535
35386533313437376464333765313965633863376332663263346661326137373436353830643264
30376534393165396236353232323564366262663830316463376365626362316337663033333330
38346466346437306531303461646134393734343564343236393061313664646337616230386634
65316366663666373133393439616463393664336565633536316338306339646562343835303133
64626234643763396465636135383135303737653163363439663431373038636138623364383337
62313734393834316464636634653139643561613335643633643665306639356266323234636365
35383362383064623565303136633530346165373531303136383931373961633535373839383766
39636162333066633930373433363231386166313430363731623339626132666235386532313963
34643961636130663862663963616334363262616632666261383736633334386262393135393261
63376132363063326435613039353164303839346661313939633134393138373433373763323836
39316530333731396266656462393734356234633163626233313931626464666139313566313436
63396666626639333864363839383139353164646632323131633039376665386461386138633335
34623035353866383361346138626639366335313336663133363163646563643661343139656161
63633862623031306261363337666535356532666562306532363832376563326631386338323430
36333533376339386562643031323432313036373631656362666266386336616664663134623162
65393136623661623762386430343530303065343764313763643863666334383866396662646365
31363934653333316530343734613432373636383738356538373230623231363334316365396664
32316536346433373764326333346262323961376562613433636537306534396636373630363866
65353233313962633031303263363333326262323434353438663539366130323065626263666535
35613838626439393163336465626563316239306532376365636235353364313661376163656562
31356535646263613830366638656566653637653766306539353765653064653035353035396365
33346530643435383761363532376337386664653039363666313930646631356163333230333661
65313566373564626464333963666461623335396162373964336262336530363862366233663364
39323534346162306666333637396130623434313232646537623263343631613030646366626263
62666430623762663537383465636133653264313066313566303834333063363138306464383631
34373866663632383562666365373766373866633338633166393463313935343333623633363031
63656436636663613530323661303137656133386536643462383539326263333165386435663939
39613234646261643136356564336231386537396566383264616531376134653230636639396633
65373763626365373666616131396364663435336466393763323264396462643462633430336565
64333631343330643238363065303931313262333064356532333964333831636166363531623463
32376261393164346537303930633064633031386365633332346231376337653161343165646665
30386363396133366533363364623464336261313732366436356161316636353937356237623731
39626563636165303539653562636362653562653933363161313764373335383236643438386639
62323930656361633166663831333937306639303733333630303034626332333665383437343131
31373838616439336436316531336531666462373538316463343665303633663339643635353761
64616335633131396264343537636139306133383435303333663865316161323963356630623461
39376535373965656165643333633861633766316632383766316265626332396434366336383162
38373366336131373365626235313166633132643264663337383965373333633164326536663438
37313936653338653565633932383562303339373663356230663339383337323235363264343166
63346536383130333234643533376439343231336132653635303166323231396461343434356461
36356539653261623730313762636365616330363762616634643361343239393936356539303364
63626365646332393532383865366537613063366433376565353035323134636366363565353066
66333563353464643034376462613466383739343530373738346132663133613661623731336363
65363364633934363833323663336538613038333837343136323332383337373239653139353665
31396263636363343430643935353937393066333036653535366534653263663235643364663266
34653962343038333438633536363535356466333234346434323638306431366361333261316431
62363836616633366538353437623962626630303461356639303335383236646561333161636334
66326465353033663839303834376361633364646165376436636534383364616233363731653238
65613365383831623935323964633038613964613364353630353763636639663431366232373732
30666362643065313562333463303366623735663162306331623734633930643134346135386538
36626432303962333636353836376137343264626661633739366563636461636363653766313731
63353536626234326265336463343861633032616162356532633136373330356432356461643065
63323434363262666163626438626236343036333938663764626439613232316461366133646236
30616436336161623863393235376565313739646566666134613137663233636561336362356135
62376130633939383464616163353132336334323035663137613833303535643638666433353764
63613034323733663866656137303233396136326338353164633732653535386332363534656633
38333336656437313464316432653365366435306464646439373066653638353136356434353236
34343363623130653538356562623734643431313638653830376664643435306139626664633236
39353162383635306661626266303364343465666333303863303261303630646634633636306630
37383432323463306439376533336435393362633239323935326463663364333137313435663364
64306534386363396237333232656361663563613031313432343430366132333135303264366438
36613161643662336530393965613538393537353231333536633462636430656231383463373566
32313732636366353238336664623538663930643333643637363861653765633561656638346662
31386461336538656164646235313032333138336361363163663135353036323463386639316133
61616230323363616532646664386564333564663565356430616530303665313061396561336131
33373638346262353134373562346437366562386539623734363532663363643932376237363566
36313135653363353934633931316439343363386164656234326338646233623663333239633861
33346336373066613663376537646434303261306232323931366466316261343838356238393932
32303232366664643332343036613465666439363435303439353832373138373939343664353032
30393663306336666337626439663462373061363130316533643634383736306661396133626330
32656531333234613635343639346238373865363430316538633035643435316336626234373935
35343333616132646634376564356330303031393233663730326436343634653335313262303362
32373232333061613365356364373037306230336362643232393766396333626538643433306432
32646435656130636534363633653363653931333431323935333235363664643766636239306662
38363039663137393762626430343033313130346464323038633138303562346639633634636237
36663737313332656463316538386662313865663961313836663461336263616332633931633065
31326435336366653834333637613036333636363665373865393734616234383037386133336139
66343139323733663238323862303433383664306166626464656339613830333262323237616631
35363162303237303935643462643966666166306531386261656365333337316335633636616363
62616264373236656165386134373834643531303166653361356435626535383832346365353239
39383138373338663664376364646331336434646562376165363538383931663331363961623338
33383138313061333939393366633537383038353363393164376566353936346563356536326161
31393431373433303333373932613039346238366535333637326433666536343733383535323537
35633565613865613436343862333335393436393262373434636334333034626365373137376334
61646636613130306131353262626636393964646534333334643434316239663835336131326234
34323631633030643735653038633534376265346237363338366165373532396539663931646463
30623565343135376263323564316430643434336366633036643532373464373766653761336131
33646664633064633330666639666566363633336631363566623861646332333261643634656661
35616261646130316435326339366633346363643866343839393330303631373065393139336132
38363837323532616561343135306635643539666662316539656436316134663734383638373437
30643361313734333632383961313733373565356233336334643635386431303165383566613637
64343530626263353766326332383434393162666237646562666633343831333038353436373537
30646138303437653562613032346634333830636163356236343366373364616165316366353934
34303063306163353130333564306631633438633337353162323039383531336235303634383732
34303432393734326431363933373065643637656536366536613037333538343366303562376530
63646239313666363231393831626536333337303638623934396434316632653231313439636334
37663933386162326262633536613865666634346235616232316434303462333931613339366463
33383034633130626636373864353465613162373964666235363136316432353763376662373863
63353530323939383933326633316338353630613366653761383337333732636137333834633333
38313731656337366139636331623031303835303461666538636232363132343963363063303537
32393730336330313762653866303934303632303265393739393562303834343433326664306633
64306135353433326330633861653332333239656133646530666435366638303965613833323732
31306337373335383034353633313037363933336261613761616465313062396165636133316437
38633364613132383363653261333837303730396163666531393366323030383832313839343662
32353334376163313436363865656166616662303463333431636633633633316530346562326461
39366166323935636266633737353736356138333637336234666263373031303761343431333133
66643161376633626437393261613662346337346537353730643636383965313435613531363166
61323533346163663565333237313137653331616337653134386133613230303038613361396331
37363833316230386632303566636433643237383833366432393139333561643865616637656135
39303036363338333738316434616438333338623063616331366638316162343538393631333464
33393463333561353863383932313530303538666331323532616434386166343063386463663538
36393938623238303235353161306566363630383538386339633739326132393263383537643864
61313938643761313833616632383561636566666637343530646265316638336436346463393865
37313035643161353737633037393737643638366465313931363636666235663735633264373166
62616532363735353036303838656636656634666139663730373836353838343862356635623135
32336134306537393732323939626437623134376434356435333336316237613936633233373430
64616538626665663866386333396132373166636165313833363965383730383132366538663635
30353962653833613339323764366238613839633762613666633062313433333834326636353664
32653964393733356561376463343237633738376166356431343266313838313366373032313136
61353063333739376130376131353435343136343734313835313237626662343263613136333030
65313361393861616439623237333632646566363434363164613937613738623662373566363564
35376464633466303131633265643865643837316231336562616462333536386464343165323738
64666539623237383638626461616362386231343833316338623639663934653933623531623030
62396238346634663736633464373565393862326566623363306561383333323936636564393065
36643538363762363464633762353861363930386232343163336238333833653035343031333831
30383635313538383135656336313930353632343235323530376536363931353132643263383232
34653730343033346234316334373738346666633835353463643364613462326334333537346635
61623831643535643133326264376331303637393662353364393033376266383538623230323932
65356630333537326230363834346236386635346461383935303565663638376135343464333434
63376464386566613463313138646532666535613630323963303232306631386161616237653230
37343066366434383464343337363331616136306565623032366464333937623438646631356461
30623232346563626566373830373332353563396263346365666133653539346136653531663832
66633163616264313331373736366366313634313239383438306636336639366234386565393862
30353261666639666633626136303063616438656238613539303133313931636634326635656661
66393566323661636562343639336361363232663439613563616235393138316162313431396337
63366238316162633263326365336135366264623266653933646431353039643766623961343637
30306635313633636431333762626233653162373737386562353939636532633636326363373961
31616430363735303561343364353036326231656663623333326265396563653830633164613533
63306564633062393636343661666464613265356330373339323630356239303766383166376562
61353738346537373764326234376138323962306663383662656339353662353430343035643434
39353766626631633964313566346665646439373134613561393762356538343735623633326235
34376466646131663966356537393634393065353235333861646239356630643034343934346438
66306462343633323162353562363730356334316662333434356561656461626662336532666537
30666562366538383662613262393330333737666639353761653739356365623131653131366535
33626130333765376337323634366665636465383966633364393536313864626436363230306237
35313431346262653032623234646236346163383939646538376337636265656435626131656362
62303238643761653634386438643562666238333261343864386263376230343436363838343866
39383333346563323836373536623262616238303964636435653933363761383963346337633137
33613330316463656333363232623031326635333933343464386432663931326365663365353038
34623862363963336432303439653833616133353238336363396337376139356361356237393937
65666361646463636138356337306136366235393433623966666130376632616361393531653664
38306530663034626233646136626261323061363463613034306136313231623730323939633136
39306235613736636437373264653761623135633736613466386631356439356139376237396366
34373063613065326533313835343233336534336661663361643732343837393734613431396533
39613034316334306630616664356535323962313961313164306365303466306439653538623531
33386334346230366664353865363265323534666534623461356139613931633465633835306337
33653961626662643066313238353961363764313763613439346565376539363864343936336462
39396465666462323439306665323531353331313633323062663566353630336266396262303066
39666534303366663534663535393866643564666535636635323633643933303638303539663032
37353261663335346130343763363764343162613734306463386163393431633766663762626362
37373239643665393634356361356136343830383439353631616337383436343338393536636636
32393632663335373364333663366134653039356661383935316633636131633739663337626331
65626565393235393766393834623263666564313335303163306666616336613033613437383438
62646533636664626137653464303739666539613136323337383763656636353862653463333532
61356364383136653065353561346139323065633734346533366165383062363162363630633639
34353639626237386464613864306265626461613036303562663161346537336261313834306563
39343433396666306630656236636232616336336436663465343739386361333064386538663565
65653236636439346262613936343731663564313234313662663130363065346136613366386135
62333064653039393464373837313330653465383837636564633863333033613066623339626661
30333431666337346564346262666663383561373334376330333936626366326136323839366232
62306434636163663532
