$ANSIBLE_VAULT;1.1;AES256
62313064613261306232353731316561373837613766396131303933383638663034613535623339
3736343530653961346233616635313231303565373539340a653533396433353530623136633331
35613561616431643133313136336131356334326539646334376533653834613064313334376161
6638383364303664300a666262396234313135366164363130313737336533633763353132653031
64383233323435643633356432313562356234396633306535656639636164636135636262383461
64346133336536363335616361646161666336663064306364313962323761643036646632353238
64633531646532386131303665663431653439666232616562343162653138316135643966383932
38626163633437373433353138653339383061656539363462326266353463386663343435656530
39313734326335396636653935653135366330346663386639346564303439333064373466646632
33383833623963633837353362323964323666396232336633313630656639393732643362353961
61373133373034653238323936636332653933323533613231653232383634383233366362333738
35343831373639303531626163346166653664663035393537333364336665356264303737326336
62623836393862633563343239656430356132393732316630636139653138333534383530656534
62643566643930303734616136636334636238313966626533313130353566343331633633313361
39353132303137396638306137653366303161313933613961323862336433306461373661343937
33316363633533623239326235363236306232363134666137373838353662636533613163343265
39633666346533303938353739613463333566623235623563313938306535306363303336303661
32363834313062373139303764323366356539663938306362313237653234303663363135663332
33333333366133666564653137373965623134336631323937623062363466316264373130343735
62633332626261316165623435383363636562666436336264633634343534393261613762656336
33393034393839333233333062643333363561326166353166316530626662393366336364323839
37356335393635363230623735626561353430623836646332386361303030393334633662353061
61656238626661666162333461313666633732373166396266376431353261626265376365623765
64383238373136633835323331323562343362636131343239316634333363653839363164326166
61346535356565646464303461343730376164653766333462386364356266383131376164613236
32623062386561356532623439383530643466323165666538653065316665636137626332316362
35393266663932303263316166396435356533396463366235653838323061393631353030373530
39396661633339353335333536626563363763636538303139313730336461623666313931376535
64383638636662373735663334373139636631336663323139663134333534343332623865613931
65353264373933643562313863626561633062666361666335326264643262353232306231323937
32336437383862653335326431313565363631653332386565373263353130616532383764303263
31663761323733356331323630343565656365343236313262656231656166656638393566336537
33633565333737626463346234373432623939636261396363306262636664336161323933346563
37383135623032383236393063376339313765346436393965623933316466303639633762653636
36343735316663666331613330663137643861336633383162383962353366373266313037333938
38623766633861353238373561663465633761363434376633316236323237376434666630343566
34393238623065313166326336373666376462613737333935383961353534386337383935336630
32633234376637653635373365396635336435323861346338633232303564656238643037363163
32376336626138356432353332633562353534336236383136373363636235316234333661623337
37393163313364316662303864316338313734613963306430653334656332346232333561626337
66613637633336346534666435666165613865353032363864386437623738396665336239663466
35386661363963626538323934366332656166656633393733356330353733633837316439613363
39666630366130353733396235633333303031373762303130386132373561633461323263313037
66383466303937383432353064656666623762383534343562346338343630656634303263663437
39333037633934613364616232646430383131353738383961313132303262353138313131383036
31393536303031373565626636313938643637336437333261646131356461356261636430653334
37363037366339366233396664653838303166343538363765666536303563613664643535336635
61386166663431373234353632343665616538343566353236333730366361326161353763316637
35343761316236343137656234646366356466323135353665663238323033373538613661613330
61386364393133363138303137353962306263636562366339396531396464393833356439386438
62326530613266313133383366396534393733313765666437353038633838626237396434643035
33383236396630313036353837663235633239663065613937353532383637356431346231376366
30623761373836633930346235653634623063363237646330353339363531353836663930653235
34353566653365333430373063353264633531633031656463376538393565613061383632343236
38623165393038653035303738373465316433383962363864303964396532663538656337623064
62616532326266623061356462653062613364306464376434396131323433346662643065613235
37653562376234663761393039643061666337353265636161623236346466326632326662353365
64666530336566396563623365393937623633616164666639643262366364623534393532343535
63623230373539666566353230346236363832393736656336653432346238313838356231396461
32316235306339353032643930393662313866383939653731353963656238303630323938633561
35313033306463613133336635316539363264356662643734303564353339333261326634323162
31396337653838313465386536303035333165666165353930303763643931663036383630326131
66626566396531613739613939306163303932323633326138323830656431393366636536373532
31363430633633343037623732323738393933663563633031623539313630616163336436376363
33383134376463303230383731396537353033613237656236313763616235303065336238326335
36636638393463633466383561343435363230386364326335366364656330336434613033343166
37613362613037663731383261656237623738333631393734653939363639366637306232653732
37356331303039356535353834626438323839613738343338353334623261346562323331353830
61366165333766366662623264663332326331623831343938633363383830346336333138316565
31363633623934633633636531383335303964636130383532616334373430326631316139616137
38323636623865616333303138323737336438333662383864663631376638326536333761303662
33653163306264613734393063326465396230313936373963643935356464393238613866363031
66383932306430623536363134373839393431303834653036303435303663613434393836386535
31333237343433313031316663363063663537626437363733636136393831366463386663323965
39653762633265663062343635303739383465326565333362323565326333363334666466626238
35366335326636343437616536396266613532326336313234663461323139313537353434366463
38393739353266666133306134383263353465383235356161663535376636363934373133613038
31653565326636633234353763303665616333666532393033393233643134316436336661303762
36643433363766653166653564643134383666383163383533383038616335316131356539663564
33346562336234663839353532613930383736333234373331313039346561356438666230353263
65616562663062393737646532323231626530623265346531626266333339656330323039633437
66646635383133333835643930313732643233656331306366653936313964383366616266643134
38353039663739663431393061653637363166326230656634356364363931633138623039366134
66643264613239633064383865636262353566636434363533663630336637373837633535643665
33396463313235363638643537353530366462303239656433343561633830393936356538616461
32623565643431353530653563346437323239356239633966316536613534666330613065636134
63326231343838393633396633306337653461383531646134366338653833363565366430363534
32356364656261643533616663363933306235386262393036343133373631623462666438343430
65346130663066363234353938373265393465396336666465303338626334636636393934353033
39613730313536353961653731366631313137326633346563646132616431373163666236393761
36663365666432386331626433636531613662363031396162393665643332386536376338303764
61363030376133383837353562653839326438346664616131636530626366363636393037653234
39303166656436656135623234663434383361333431323363636362303530353062376232343431
31643332613062633166656535343061326333393161383233396336323564613731623362383438
30633637333462623537663765626266633533613430303937396161373662393230376635646534
65653335643266656330353032393537356466623235393132323463376264626164626136353163
64633863623762353266386636376536346637616634613461633336626366356330663330326334
38303830343166643338323130356565386533336439393931313338303465336132313163366636
33313739396332613966663666346138383261313031393135336565393737363630363537643838
32613766343138653463646330363866633538363036343864633963306237663531376263396438
62306637363834383966623935306437326562646638393062643163386465383335643063666435
64623463653231363533363436313266333237306264333431396230353163633962613363306439
64313730613234323038323539313935393765323139653736343535393065393434393361333764
31306536333336653833383661656465393531346635666234643036353436626532376535303736
37373665333537306236343039646434396231316362316663666631643664373431343333656135
65663061663234363466623634343766666233353837393833633861316631616463363533396634
36613161663865333066633539323731366638313839376230633930353336363134356230346561
35653132653838653131313833326566386233326362323134646333396534363463653161663765
64353834326332613631653534363965323837303535366364613933356439663837646564303533
33626136386533623161633466303165363537616530373139346530393537353032633163613864
66316634376632363133326165356233623730373239383539316361336439613633396366343139
34386436353262653763343131333766373063633163613661613731643862363362306531303465
38333864393464333563326230306263613663393663383266666564323264383563363139396235
63313162373064353837653532666434343832353464613331313466366433303330643834373035
35666466386332643966343061653563636266393762306139633564333537323234343161383231
37366334303265333062333533363532356237363131386362616161346434313261343030633632
61373862663263383764646464616637616132373338373461643035643534343262393131383138
38323239633266643030396166353632636166613934373937303331396163393966343136333465
35633663303438373539396166616630306565613762616231353838353637666630386563333133
61383334383664313933353233623737383333366130636231613739353736353835366663363433
61343366333139313662383536656434623137323337323563616662653062333734656632306264
36353765623065343363623866663064353531396137313663326231393734323833313533333739
39313130623231373330656339623935366563373933656537623863646339343534336138623635
32343539346261633963663332303136333064323834666662313165663530313934626266646531
66323831383062373561353566613364633965646365636539366536306563653262636132663039
63303235356332643762373237346430376331313836373365623136623238613165363230373730
37376332396633633838663930376266613032393966353961353938643138336262393861666563
32613766306333373634363233663465343063326464343066383462633637306632336231393164
33353932643863383330633135613830623533383532666133366466356630633864326434323965
63356139383333356433306131356633336662636630376335393438396432396137303137376663
63663136623264393439346232633436393762643031646462353139656261363066343934663730
37376163346666303039306566313831613834626366333237303934633638393939343335303734
32323064633138383432376130373031643561353364663261343466313462306466653661316632
33336231343034343734363830373939313637373664636663376463376435323962333732373935
35636565616537313939633936336437613033663964306366383237373536386162653835323839
30626262363061633061373961653533666537323439383735396364643234306161353336346637
62663864653231316533303466336437656537623235646336303962383766386433396337363736
65396332366234313637666664656334303834393038366133646135663264633436343031643764
37396531373839363732383161313033653936383230356238396532333364313739306462643337
34613138653365373732613361393465353133626137653536656365363866393463663535346134
37376132656533333462333730353962613630616663356632393237363364396337313238623134
35376562626164313736333632646136316538663137393835343938346661376466313766656533
36346164316464303532396265333234656438373461393136333630616461396435623535656337
31653938643932653438326433316364633563366537383235346662366533343236653334313332
34333265363062323563393934313565313634313233336437643039353037346437303233646136
66613137336263613434326465383636633964393537653564333233663434313665346231653235
37646433323230373030383230653265373465386231623734653236393239356130326231396236
64666335616639383133323230346432313861326234656238373238613232363430326537366466
65643665333433323336366234376630663565386632313766663062656538326235636434323838
32396363643537373238303333306361316335303466386337376232613862613933623338353263
62623336613738353565393339393837366565646531323433633433653338633230326162303866
63653666356462383239313631643736653331616362663465333764316336363330346561663631
36663336656134333939303864643835313535626264356331326639646264656535626436326534
32663961613363636464346462616566303966306537623062356632353161383135333464643766
66386666643063393133386665346363383265323162333436386666303664623763333637326438
65373234313334626461613331623062613537373166633735353137656539623663386239383330
31613861646161626565393363373538653864376266616166393963636162326664326531326132
63396663646261343963653932306531623432373637376533353630626235316465653436346334
66396535393537623132633137373737376363373230613962626632623237353137386366376439
35393830633165316266313962346433663434373832383263663936633739616531626366353432
63313035643731666462613665393937393162333735353536646538613434623630306365393062
36366438393739373864633466396537646439663638623366613562653865333939336238373934
64373163343766626336373039616263326633333835636333653732633766623662393439656163
32663864343030616338393236333537343061623839303361363464666231303561363732626562
34316539613661323061386330643039356137646261383663353264656635336163336461343932
65383863323133636536616335393864663831313965303763353835346433663034313233313035
66383037383837313737633536313238316431666335653030386263613737626264313334333530
34626439623637376266643665323938306434623934393932313336626431366431393034373566
35356136626539396137333565633237656633326136643633643561633763666365613765363832
31363232303466363938613462646264396665313133636334333635333261306666623338326233
34363766396137663638376266346163616238343430373165356366343732353834653438643164
37613530316232656636623032633832623439303531386164633330666635343236316134613235
63396362623766646132373632376533636164353833333332663763623462356633343633303061
63333066303362303163393038336437383637353465653765633732366135386431356232643861
32613636663663616237326138393438303565646432376135386261626130643265303866376533
65336636373063383937366539666637333763366164383362316661396563623433633666646139
31336238383536346436333336346339643139656533316239386262616438333433623762653331
32356165313239666361656637363065323137613436663839303264356632373964386139663534
39616333333362613835653730306361613634623466386235383438396631303233316239333139
39633163313936326565343439313262393539353038306338373932303864386138303232346230
66393265393533636165313566373363623332366262343831623962386463316465616365613362
38643533376339356137336232623961323936333330636332663339383638636365613731376638
66373635333038646266363364626430316666626261636634373733306366393434343531373362
39356531353863636335666363303533326366313465366633613039323931633237666164323836
65356263393437643939343434396265353039363364346262633366366461353736373435623238
62383933386662336336643631343931363333623839643662326230626662653662623938313439
39626333393837643161303636393462396631663839336166643565333039656466353237643236
39336630653439303738353430623531653137623538656336353566313639346135333537306339
34336232656634373633363366353765363138623461353236326664346338316433336432383663
38303662383833333930336561616561393030336363313065363965313030373664323662646165
66623532323666396638346335656163313463393632353530363331643630346662366164386666
34306338643965663935363731376232386562333264393439363361616363616166626537623037
64383863633235356366383536333830346238353732636638616533636165653466383236356166
65386635333364303066363839663434343434383361306265316338623335383861333830386533
35646530343435653966646435626237393465316432393637633262646239613662623930343661
39646464393464616662613862373834633435356136363337373666653933326362366361616361
35643366633566633233353662663565626665616530643136666661636363396337663331333762
35633963613935363462313138396337646562666631363339376238333363356639363236393937
61366433306439333664616131313863323738653837663731306665356163393035316265363237
30363632336663363237396566653439303930656266313862376364366239323863333765393366
64303934363834303862613966616363316634316662373037303139323464643862303066346166
36666165646665333438633833623565316662626532333632306430396136643238383337386639
33386239663631636135663332643938373963353739323264653866323631633334303337333036
65393031313532396234366164393365656231373734646462623831386463643431336661323532
34653362393435613164353134303336313261633639313634623032626636356633376632663663
34373661356364346662663838363361376162363139373332396536393263313363323431626536
35646438316634333861323932613034336239613134333130643866643237343339396136633665
36323434623966616139653561643430303235313834376537626264373962333032313138633665
33306564333561653636643936626637316465393336363633663234396238343065616538646434
64323139333632393635383737373634623964353063633134626539323134376137353938376236
66646237653763343131303537636364303733393338613635653462376138343734333362653633
62343864623466346563653862303431643835386261303939653739656337373664633336303964
30393639646333336234663662343762306236303531356438323662306635316361663463326364
36373764303262316233353130656364336339316434366231316233316239363565323539363864
61303264623238663563633333353133386463646238316535626136613064623364663865316438
62643038363635663031
