$ANSIBLE_VAULT;1.1;AES256
65623738646561626237396435343937653761393831643132356131643865366330373965343239
6230666631346131363466633161306437623062333465390a386562666639303833653466313864
64643538366262613636613661376365663261363630373430383638393633616564376438383233
3464656430346666630a396432303461356465376335653436396561373935623139366233393130
62363734363633343135383766633163383466393736303530613638306133343933643235656664
31663565626537616562653962383934636132636433356636303730376235323366373931343738
34313263363432616662376236613638303834656366396633616538313561663835386534363634
34383433373930343836633133643239376438303161386566396664663962643534613135623865
38323139326130343738313936373636383831363234386537336631656637653631316538643431
64323234346534343963313133333936363566616130383561333933353139633663613633373965
35626230663563306437373632326265363737343138363834663462633466396533336535343266
66316433336264363261366432356634303136633062356439313837393563643466646334613066
31646665656137393062396531386461343066333538663763366438366365663732636437656134
65306237316262636565636165343134666362613839633133633534663632363163363962386461
62353730343064303963343839313137343633316539626531303533653930333331343566613438
65393030336531663734336236333136373134326134626366626338333532363865636437313730
37393666646438636562393339373336656530353036343064313764353836383665336633346539
64373864333064373632383235373037313864643238366338306366366139396561653637363766
34613731303464313230343433353761333365336362623163323861633662623663383838626537
64376661646335353563313435643765613234623937363465313138616538623039623466386530
38363062656532613432346231646439333239346666623936666230333232376338656638626434
32333430643461313463313234663039626331323539393238666633376630376438626430346533
35666162386430303336343766373437346233653737346563333238616637613564363731643363
34346131336438623534373466316364633035373862393362663231653662393961326361613166
39303137316331613234363034306264363538313535653034656637343534616237386462666336
36323435633762343234333236646565346433623763353438366534633133383032393538653735
62656530623836353134346161636436376338366439303564653537353035393033623938626265
35383164316138613662356639626333363633613466633638323132363530326264636530393964
33376538386262333034386336343064393230656435623033396637393632653937356462306463
32613236333762633630383038373038343666393930363461613561383465333666363838333936
32396666643066636565316365303861366133336631373165356130663030303439333036623739
30323662383164356262633037356465353438623737363736646461313662616330656164393432
35616339326634366232636639376236616363336565633933313662653835386439663536613534
38616435383964633636623561653531373731633961366464343739313465313130333636346265
32346566363164386138653763613965343262376538623934393338306433386362343233396666
39316563633031656630336633383036393564326639363436346534353133323030393866303363
39336461366236633631633132666336353661353738333861323661353835646364386635666662
39643266393564383936336363366639623237613063303136363437643839643034613635313765
66396231313533666266316261333361663735353862323839666136373661373730303134336135
33376433316338306537303064643231373961363966376163393763663234306462653634613037
62353331383136623063613130383366653231306231636633636134393437306134353066613761
32623739666337393430383864623630396161313364623334313033656337626537616164303262
36376265316632373663646436316134306565613761656336653531663230383034346266643830
62616435633965313662323131346337393836356262623835633135316535363261373034393364
62616666383234396439653064373764343331616635633863636138356638323535393562383431
30653934356161306433313566303036313565346137353236386638636665393163323265623137
30306134306337383635313961613633366161663630643334333831656531636163383531303330
39323835343465643637663961303063353339313434616537353434383032623035646464623237
66623561636533353165393639646330623365363338386337303561663033333166653466393661
63396239653631383837306537613564306463316666316133623635643636336166656364303939
65363261363265396132306532613362313635663538623133306365306566653334623966313065
36393231363039613836633065393265333837383866663033383465313834396538366139303138
35343438353939653462626438663038666264653136363530353333666163613933323963383263
65646338316665353931396533306661313565363730333035353730613061326363376462396232
64393539376633636661373362613462613731636664306138336239333439636631636164616236
35613363613232343130643339343930323635353264356664323130356130373665333336343337
36353337373432616336626165396437336333643037666433323965613564393062396561333737
39316264386432346662303165643661616131343565633134316638383132303030383232626136
34633061656164336565326436383738356265343937333930653062633233393765333435323430
38363935666539653535626137376233623132386130346264663336343730396462343538373765
34343862656263393863376262333935653265303262333061373664316533613238383764353534
33306435313038356534643238376566383839383233333265323934316635343737323061663035
32386662303163643331643266643335613038353262303765393434383735366362303561363234
30623436646632376536313938616534303635343631376262346362343961336534323035336561
61373632303865626336363334326130663038383233303131613531646635336530353166636565
61313962353339623863326262306430373436393161363238633230386333626637646464383833
34376161633739313866643366653233656633393430643032626535666364313762636535633530
35333334323937663665323835626439663630636333306362613836303536356637613630346162
30346634613762656337343436643932633134333230326466346437666232333834326334376134
33616232393963613238366662633166646331646331376137646438666238393535613566623638
30343230633463663435313636373665303466383661656635656233623039343762663833353730
66363762343239303263343262363363393735376534343865386138323738313836666263643235
34393166343463613233663338373465333237666331633461333830656237363331383935623534
37633533666135636364323466653537386634383863633436633766613936343533653364356530
38663138343564633830643865373632626236393766613539653330323963373835356533363338
36633534393138396162303731326132343165613734633266396138323562313139303038653463
33396631653735373431646234366339376161366166623039343837333465343334323562336330
33386430333461323564393266346436393262323932313462393963346564656531353132343039
62353165656131386461376436636165333336613635353762653131333535396439383136346465
30626235393538326534383330336566306631636366633232343765353438396339306533646264
66323563396637643565653635366665356532663265383563366238326538353237363566353935
34386166323337323163363239633430333630646364373237313232376538613463356136376363
32626537336434326464643861386332646537663538316534323033383266633031653965666534
36613637356662376136653733636663353235623934623764336539643832313735336461336130
61323831616531666166623465666262353534396463303835636334336332626237316161363535
64646264343239656339336136653235353037383834376138646639313134333265376232376338
33336362613262323736396438623766333763626439363130363230333634633864393638316666
61326237383230303534393039386666643963303231313133303465323837373861333866666666
38666437376332393037656132306662303230313638643738633634623038363962383161333363
38616537353961306634616530653532623537353732363766353633356138396334666565396531
63373636636432346134316366336339663666633539386365386266373537633830346333313861
34306363343263373533333865666463353933363932383261373562663166393264383934356466
64623566363438326166303736343164636230376230613035633965363365356333656530316238
66613738343263633130643665636331343731326536353730636439353264353032373430643538
38333435313338353135366535383533656136656562313933636334346438336563366462626232
66653631386230356531653436336165383861653038313134666339356134623339363661373661
31303231333835336538626265303333383631343632616639326231383366303866303664623262
65316433653236623365383332386232666138363861643662326539616438363563353931663032
33666133316532303639643430353264396163633136306138306532633033303132386166623365
61373836343336656463303732613531663538643834316662383432313430613434333261666361
62663866633032663765646164306130633838613634623364376434373865643764353836663064
34613834363830373533643262396637653665353264643139353863303963306235313035643133
34353066363165373961363664353130623933323938623635646364396135373832323038656564
33636362636434356536363133373830366231393531353565356461326431646635303562643262
39643431656336636266623635666432313435656132663233313731656166383030363062383833
38373437336438663262333536343039663230313131343230656438336435653838323165396363
33663965363635316432653063623538633032333630366362373834343939666430653839363136
61653266373066306464373936626165643664393963333736326665306539613961636366656533
33353838326662323935333931663937643865366363666431313564303530363438393233666532
34623137393737333863386336396462643637313066633838306437373561616339326465323963
30376631333635643963643630356137313231633333393163343435613261363461663466396532
66623532656537653662633736623833323535373264363162663535383636646361623466383230
66343961376632656164393832333464616236336432386339383536646162333064353930326437
33633938303238363666363735653338616332393935306464303462643436373730616232353638
39623939616566653036383231396563366262666431306632316162366133366535643332366334
33646466613665613766366465336662376438306665656564306431303433653535663435613636
35363362643534323162376531636264613264653566663364326630623865333432373162326663
37353932633266353436366463613637613532333239613566386636373530666263643966366165
38363463373664613337323430323035336134333834646361316339356531393731303163643532
32636332303535643833303363353338376362323839326337666536633430663363336662633932
63616161323466323131353664636265326461663862643233653834363465616566323064653130
30313762646435616431343332366135643731643266303036633237626232353161306337343933
63636530333563353736333665343631316366303634363439656335353931323038306632653661
30343363383738646238626463646533363933643566386539623935373466663432613761383937
31393861623936316662353165653138333538373133363561336637303336323838376638323066
62626332366132353564643736623963336662393631343631643339333435373139613934353463
35613535626162353664383731326336333962663539316638393136666637666634363235666262
66333335356438646364386434363134353435306639353062333863623836356236623830626665
33313263336365333038616130356631646461623133316630356561333866306537376630646462
66323732616662386438666330323135306161396631343839643135326332666535633732656462
33383938613965376463613764616633313863323736333632373231633237343234333263386430
31653264386330326364363031323631626236646264303337353962333736313136643166346132
63333462313532643639643361636131653030303562313236656632353732303035623736393134
64386130303135346437623664633932343835373261663361656230633564363731646535303936
38356439313833633837316263326435623837313166303837663533656562623037303064316138
64623636373636366530316563623835653836663735356131303962633863393365616665303936
36616365393330343236643866363266333763393362666336323432316463383935613666643863
34326533646138653962636661663261306335626161646537363830383032643539643739393836
36363962613464663863333461393564643038616130363965313763323636303734343132326264
36663866363265623362653338656638316261623234636232343466313833646366336366366261
38653131643030353262623931323539353237656561386133656261303162656565376132663533
65336537323461633733396231363439633537333561326331663335643237663633346139336636
37643762393565623466646664356165623466316333333365653834323135326362653835323735
35386266666534336132623866653733353535306637353262626364393236646464356161353737
33663430363438363864663364343038663030313666303035323935316631613831346530613239
35303465366161666363343737373965613535306433636563656337643730376230623037306338
62626563633565366430656132346438346539656466373562343636646665643561363666633333
30616335366466333838653063663738336666323930643634643565363534636438313464633563
34343831643637333432376162663465353834303765616562306663646361333537336265333335
61653362643732336331343862656430333264333531393238653162653430323763313164656566
39376435636465666466396366346235366463323834653137643633393131646334663561366532
61643036366538333232323566633134613531663932353264643439313335383861323831383231
35643130373563653239663061663234376530626438383138373033626636383062643365326633
33653235363563303665303431653264363438383530653039653537303130363835346334613264
66376439383931643634303364343463626136623935333462623765373135386565643734373861
39303764663136303330343663376561663361343835666333353666663133346530336666386661
38626138633839393035343364313730346538656466643562396438626562343161306662366665
35626630386435303133376238613234386231313931636264346431393039336233356463303939
34376635663236623236306235396536613533393131623233333638373433356535353538666233
38323664613864343437376235333539376238326532623635666336396661613337623161616133
66643530613439303735646561616135343238336161346465363336306366306662343761373333
61643166336363613465313135636562396439386636373437336435613334326561333038663937
32653063626364373534656362333935633437323039663363353465613139613165666161343964
33356463376562333735646636316465373235386330633635396165323766636538666462323164
37626339363538373462353630633464323934353163633338366232326465316431323130396237
31383466396531623932643961383034396533663463613734623766636461303163386265373963
30373962396166336532313166653564363964363364643035376236326230663338326434366439
35376162636634633963383438343937313062633630626139356663306538313063393935616137
32643734303036396438646639616564303764666330386561303632353139356431623663633465
66663634366163323834346262633063316130306339306135653762393034376266653434396237
34656436396563316463316661393130663662656333356636363163343934343131636636643465
62663636393630333032396265353231316166386233343266623362356139643636653136623165
34613638656562343131303335306561356565323131336135633133636534366663363964393465
30646561653531633165373630663634663664373865613633333036663766366232313236313566
34643464343833613362623266316262323737653530316134366437373737316439633037303839
33626638373161386435303766653433666431306465366338656463656435313736616661376461
35343839353733643737303734323466333436656633333538336564303862363138363139343764
39636262316335306339643962643631666433386265656538323032386436663130376436313962
64383334373166313731333236386564313234633965376437373234623038366633346433656331
35303435636462623164373633316562343230656665376563376632663165346562626531376566
64666263616532626362653136646432613830643030393561663565346437346566363036346536
63643964316263303233343764313265366432336130393930626432636463323837353039376234
63343765376666363637386336306534336639376166396563323633343039346334333332346266
32316538323933663538616633633633333630616634656632643937316539373637363233386438
38343238663431626434633230373730643736393934623932356166306362343831353135356265
66623030346166353236363130313566613063666630623436326435303437333438653663336232
35313062326431646530616235346262353936633761646133666161393930373666313334326133
30343139386231373434303434633463373338663935393464303065343364333833376238323864
34343239313262393832393438346364646261626461663033323737643962653861373437653830
61303739636463653663333737626230366362616339343434316236323838666234343261366130
32303738316338373132386135386261303565656531316134366635353530393266313933373239
39656562396538363663386430386162366332363537316530323038626637663733356362393266
62373866656461346433626537353965363137373161636563633230616635376662333535326461
38303032623130313237343664383737393631306630666639653336373834346164646664376361
33623537313163376238646263326535663237333139346538666162346231313437666436663635
63306162646165646266626136663961393832363866663333616234383962343136626264343832
31376236643938393832366262356261383333613166386362346435643931346534626537386562
36396239666533376636343332376234306330306565353762333263616562653534373038343236
61633930666136326438626234623535343966306631616331313861613830383832366639663533
36343339393232343637353335613836363237646639376133376363363336623739323636366533
64643433636334666462636237353835363365363265393232343363333961353637353632626536
62383737376131303237616534326163323261383036623331613666393033326536663166363565
35336662346162396538336332663632623939393962386163336630623837656432303266306630
39313064383236643066363761653364353464613665353432356562366266323732353064313364
39643133363830653861656663666238613031393231386638616337363530346261653733613762
33663761363632616532663963613666343663306233626563626435386539363030346363613038
34366231653965633232623062646464326639333037316331343436656532313763373262313238
36313934656138633865363130633634333130303530653938313932636561663734393939326634
35313636646232396662383432396535616133663434366431343934386330636134613137383737
30613766386161376338313833326337336334343763383338393365396133396235323531656562
31643166653033383936353130613364396635643139316161353234306161303731633366383261
39373839633065303536313935373133656631616561393539333931383861633833396339653034
63306539353966343034383562343930656266366632643932353236636266666134613031323932
38323761376133626266646631353937663738643164303866313437626366633262323931313261
31346365616337313766616363376662353933316136393134343339383438386237643536626165
30383539303234663932
