$ANSIBLE_VAULT;1.1;AES256
64313366396139373366303061353931316532343361666138643165646237323433323937376662
3065643639666361333934626662303663616332306462640a366665376564393838363937363432
34663532643464336634356433623333333831303631306332363131613361643731396237343431
6630393232643431640a363765636431323637653233326333396264326464616339313036633563
33643533353761623030636263613037313230373836623861633837353239633061313532666637
36666630666139366138363637663664333262663831336530326165653433633230653065376134
30653463313632346439333434376534643962356438616264393638653032356139653132303264
31343865303938663338653738656134326164353865373266383232336566636439313336343934
36626439333635336431373165366538346435366134383163643163363339303636626336383361
38376464373732346536663035333338313764393130323239633239656632363331373863626137
66656439653261656336323666393438333665626464383265366263666131303438376630396264
37383037326130666536356665646266326335316432623263376562663235333939346663636236
61613933393939663762303466336435646236383330343233623133646434666339343638343865
33363761366238366538653462316437633934653364653739383635366132663632613261373065
30353934653631373061376462613263613363313664363035376538616664373635346563363234
37633363353534323562336437303635393037623030313566633630386530343131396361326432
31356135363061633838666661636138376164326465306361666331623232383737313938366562
34643364633430373136623539323336383965333534666136653961666631663962663864643136
34313763383936313939646230386266376462633038383961303339666635363936633732353534
34643236303762393763363663383163363664383236353337643866356238323263396163643035
34643265396564396265613666666535303038646432326161393835313238336161656436633834
65373365643635393139333730613638626130653937363962623266396633326537633964373739
63616532383166363639613438336463656531613632656262316433373430326137613139363565
31353330373833363165396561653239663837313265633664623166376262346335346633623134
65633832613935666466343334633732383134393133623362363565666336373063656338343838
66356365623237643135336137643061346130623032333530633232383335393431326363373337
62643537376237613333613739333964323936356437376662663637383063343866653962373764
30343063383961653564323765653637346163653438663530653065373861383163373235666233
31616539373464383866313833353730363161646537353038303534316264313662326463383434
36666334343938396238396631393439363862333163353265633863666237626532303736313131
64636566396165353531663266303565373234386263326231386639313139646534393932623939
65663666383566616664316235306135353432623064633731396132663733373134633233396637
39376137356561616434343032373534373032313361353037316530353363623963333563396239
35623638303334323138623938303261643234623331616539623563383832613565633165383764
38343662626636396337323230353962353461373038666432653539663564363738333166363332
31626633623531336531333764336130306566656339626533323061313538646562626664333861
35326463643630656662383136366136366434393562396262643964616533623537613634636163
63383839646564333638613663656561333465616435363663336430626238336166333330313862
32393636656361363438363236383364633235333038653632656462326163643436663965633633
64313734396464653139613037343966656131623463303134626565643664653466393933333232
33363239663138643436353564613361343561666662343461636465366435396332623663366136
61336439343232366463326262373464393238393763633966323231366436373331653162613833
64626162613033663332323263343464306635393033303436373437613363646235666437306562
65353137643466393363353564356664323030663233336630383464343830313236623230326466
64663762393531363233666635383066633434376231356333333262353338663230633838356365
37663164336561633435363239303035323232333432303662663764663933633964343165363466
35386632396133313335636435373132616338393663306435653966646362333638373433383939
36363935306430623534336661353366336565363437356633323238333962306431353836373964
66373431303431333230373963316334643463626232303636656436646533303136333935663732
65353631363133303035616237626533383130353965633464383961323535356531373563313537
33623861393732666530646230663133346463376231626663373235303232616536376630313963
31626163623030323631376363393361323738626634653039336631613936646333656132353364
37343463396538656435623265313536633761323434633531336564376235656139313365663561
39323162333362363136393639353637313831353939653365386562663263393537356233363138
31333231646531373662383632303330386263363132333032613837303336316265396362623530
38666366613037353062663438383939386634383933326233666430396538343930323333663562
63646537303937306637303338383733396261363266663264396337353566623534393630386362
66346162383631366533323538383465666634643066343431636137326339666432653837323133
37343032323930663031643236633235303665383132643963343331353830313631323031323830
35316234316630626361343965373562303530383335343832353034353266666230346637656264
31363132386262333661346538376439313265653932653461616435613539366561363031323339
61316639333630313236363934313464636534623435393230663439326462646262376437643762
36383463633638653135343864323539366139386365656162333138396262363134643934663261
39653935336533653335316138376135653333343834373230613764343231393838616635656563
35373264663033363064646431663434643461353233366334383336663239303263633738656466
34393037666661313038373230326537623264663735303932663634343837636435316136323134
33613665363638383239383634346439313732623133356134306665306463376631366434353163
61306234643164386535366338646663636532623337303236313538633938396561636562623232
62393963346439646166316462663333626338613132653731396334663737623430613863366264
37623737636265336564333335386264376232326433643664373537663730383438386633346632
34373066343163363133623237613134353533336563633031393764353266373861323133363866
30643665343830373464653330313165373464303831386537623230383837663064326565343564
38623065356466303361613464356466613765623339636339653963643233336164626463356163
66623438383539393838373836666665613665366262366133616332373837393936633436313066
32666632396431356665633533646538363036663937303930356339356266356131373937626533
37653665616139383661623338363735393235343330303538306131336666316338346463373566
35333439346561613033636435613035383434623236363037303837623466396164353838313337
63363630616530343134666466353365386432376437333964363438663732326363643161326235
35313762626434363863323434303033646133653434393265663162653535626633383264353632
34323139653966326563333865356261306664303734666234396461313963336265366233666264
39636338643338363930653335383232326363643538623432343365633037636632646632303736
32643039646535383738343265316635346665613533363533303864656435663233383232636139
35366164626331646335653865613863636136613562666133343362663631633032623861303434
35636463663836613531336536316465313636383930313661623164306430393938313933313862
37396537386462373537353338646666666665366663393761653266323831386331316430393239
30396161656138663631623537396134653438643935363966313239633435653361633265333366
32333030646565366365376663346465383264346262626439663236376262613832653765663139
64393233623430666235333964633262343439653361343235383063306634376533633861633363
38646438636563393665333765346431376432313461616462316439613236313763656333363764
61316231313665363337363064343966353932376261303862306664376230316636373363333362
65316430386434343739333434326666666665313536613231356232636166323336336162333333
31386438373063626361653837623336363538326639356333383831323333653463366664323236
35613432626563626232373338313366303837386662613730643962373935623635393930626434
36663066636337323065306662336437363363653365386530306163373762643231363234386466
34633332613562373334636138333730633266653963616261323161636338343235303262373839
38316161356538623935613030653032376633343138306364656532633564346336376137613765
30386339333633613738376639383663353138333432633161633563363339366165613939303631
30653832633937623837376531633237643435313230666537666630363131616539373661393837
37363463313061656137396164643361376436373739396537363537313766303732333637363964
65386633376362643838623464626666346337343135663864323064666637313237383130663530
62373635383938303562346566373738646437333266323439373637313363386234313834333263
35383761323765343137653066623465613236323635383839373237633332663764363261643738
34666632616362636639626237356438316239373766633838326162636534616333653065333137
61396434616262376338333264613662363366313134336532313536643464376238653465316436
66656539393461333765303432383033666638643736353666346436656239396564613961623236
31353166636366363638663232383064373265666562306163653631313161643564663133363663
37326161343438316161363630643364636231313531373538663864343731323437646361613036
31396163663634303731353762663937383434653538643363396565353564626330303830656666
32323033656337623533663437636133373232333335326335396534313035346137356137386336
64653566633739666430626130306531353733663636303262313330643563333239326535303333
35386632353939373364363733376234386464366639626138383634303538646232383535396639
38396530626162363763326361626363366262346166323730303861613432613135666535626536
35643663393264623934386134313366613631396238316366663238373463643365623130303932
31363836346337613232363639616433356534343139663233356462373262326265646132626664
37666336646237366161636239393634383731323564346338356432336266623335336334326136
65366333653439363530623835376566323739613637616331373765646234336162636538396264
33343861363364313732343638326463623531363133306339666533666161373661373463323930
63633539646133303965393538643933326434643762316532666662343931393137653234663137
34336166356331376235643838303763333537626565633538613463623632633433386138636564
32656139653231353763623263326464356438323630336231646331396237383932393431663865
61323733646635633838623933323363386438343436646265393661323231386339613430366636
65356637313835396664313035306438373032323637383131613062316633646464613431653130
39653563656362313437356462636233653566343761613339353164306437373738343464363932
66633166326130613939323432346136363761386330393233613333313964323161663431333931
34663366323161393661396266306337303834313332396637346430626261303238663639613836
38313936663338393932666264333637316162383461333435373830356530663730616138363463
64343735623362666333643331666430393538623838646432366363346637663864656634323936
37306536636233636534663239333262313030626335356132333666393035303939323664666566
63363630356530323637386537333132643634373665313961383334323935346663376438356338
32666166613966303663363235363861363933333262366431326430373139646237656633343333
64616130376661323662643232376539613165303134373539386464396266383165643231366166
36306234326232613736613939636639623265613533303537613761353261616435346264303763
64313865373233326163666434303161353432333664656261313839306631323534303336373061
36666632663430663061643061306336356465326435646635316665366337306463663833643565
36393766666232353633643763623131646166643130373533653138323039656331353834633365
35636264376639623832376633663734363166393034346530373262393839643132356536363539
38313733346433653636303233663130633161346235616235303736646336656464303561616362
65656537646139663037393161656134633065393963656639663738616666663135333430353230
39373638643837373839613833373536376636313133396430396535396637653034356532356234
39636161653635393137383636333038363733633037346538613232326163663562363663313237
37343535386564393863333832646361393765383663316461323363646436373734343561363062
34336630653239343232346536303731383934396535353265343034373862653165316237653836
33303664343766653865366335633566633837666533353861666466353136643736326463323663
66633332396231323564383736303464333436393831636232646163346139336361323930393839
63656132346435336432613266336163613736346165666630396564643933613062646365386632
35663263343566363461653836383330383430636432653736313537383464633166353637393362
65346463666239303264663630336338626237646264636632343636343864323766616538383438
36636463353139663036333631363030373437366239616661386164633830643366356437643364
33353138393639383935323366653937303339656239326161303163313935326566386666613366
61303732636631323066316662373232356430353634373537393135393333313234386466366233
66623136336230316332343438623434333264333361623063643833383432613731656137396362
65633232663534393736373837383564626130396539356634386534656432356131636263633237
63363630346163623436643432393332323661393639323461343735366334363532643732656332
31396262383964613866313131313631326262336132333332353034653238393732663236376164
32613430343036396234393433626136643266623938326432313037376639643162386534643064
35626637333363666264346462636230366363323839363035613463626438313231343233356638
62666662326462366233613464393865373863333665373165373961663132613563653330346639
36633830643561646466316637653734646237333635643237663239636633303732643631303133
61313165353261393337393238323437633834633536363934363962356435633237653532316138
38623164373665383538326566306534633065373233363463306163393666333337613835646335
62383537636232646165653930333662636161353735353839616537303833656530333737383564
30656462336131383466663336346330316666393038613434343837633536336633633034346161
62316534323437333636616365643764373064613566636139636366356534373938633534646131
31656432623561376562626138383064666332623565343531356236373665323963363066326439
62316230646637323738353638363931633130346563653065653330633636353535396432623432
33353030306263373732636562363734313631333766303931653233326332666635333730396662
32393834333764393265386532346332336135643766383764303666333865383462633534336436
30633637386430356664363964656432376238313964363430623939623034666662646534643964
66636431343630393733343865383931643033393765626665393739326235323435613630653561
30303262386432356434313734316639346462643133306361356266343634303362613030663239
66613730646137653566313361633232323131353831616136386265366266653837633966323539
62343530323237636262366532323033636436323639303865613333663735363532656163386639
32626264646362386233393266303637366530333439613230333961326235656436666538396664
38383935303061313363616662383564663530656664306236656630396434303830353837646535
36643637343637363239343630393332646265636235656163393466363832616131363834303438
62376137643965646337383336623835366137633766373135373561343136353831356331653761
32623330636531333239316232626263363961346632303261316532373265333530623666343535
32346638316332356533666664373130323061353561613935383936326535356462316532346133
64313163353530613733346434343466343230386563393366656666623432303666653566303239
66343032633236363233333533313331323139353464363435326166653337643331623631653236
34383336363434616533386262356238326364623037653364393038623533653033383166326236
36623636633961643633663332643866373666613738313131623139333034383636383865313864
65396239303938313961366235353366643835363363616265313937666164326530356438303936
31323963336633633136663034633066386531306461336237386164613633666463653333633836
63356434383630356530613865386636643464363263393933623139333665666365623164623135
34323735393161373633353732373234646163643731313731663165633463383162323336333530
37383834363065383463323834663661326237646532323465356134316665306532393839653461
39383836343865396264646164636263653838303036326264663430613935343833613364363263
38636234626664323637663731383735646431383332663538633830346362653335393234333133
38376233636264343438366564346638626664346234343433633761366437396132666437616635
32636437346335306431666463323361383562643432343361353736373838613939383066636262
61363830663464383332633964666433333062393535333130633764396666353232326633373839
36636231363330623437333866623638363139356231663833626364366230343661666536653639
36623439363734376233343665366534626138343364653534383932663030343762376634396563
39663734326335346436383234653164356130623138613231643766353037366134646265626631
32373034303438326538366533643730663037626639646237656638393963663765306462313934
62303161333564393163363331656534663031326432333732333262333664373438636332373832
36633637306430366634373931363561613566323433663766386635306537376361333938343231
63623862653830333632363262383731343263346537653961333237323431613631366639306236
38326266623933666633303735313733393534663263336264363236633330623561623638646436
32313236306536626666303939363831626434666135613532373831643133383366616631353462
38396138386630323063386436613265373439383661306563363436613232346166383962373839
62333764366134323230326164303739646338313030353962636533373265343733333638376163
66613435346363623939343966363637623833613365356436313631353734393261383632386639
33306231373332646130393635653264633039303266343238316264656337393764383836646366
35633037643264303630333635663237353762333634323264333039316138353931393532303865
61343763383833373335363938613166353662386662373038663132663333666264396466353333
65323932303739366533316336316366393239383635663962396633646436316539616137393964
32366632633536613865346566663938656265393061343433623630613239303963346535663633
62313366326433376362366338326466373864313730316631383333613531646237616434636164
39326161373533623231633231373664626363626238663536336463313166386565363330633332
38356466646264333863663161623863363632383930666235613965333534383136613136653565
32346137316261626363396435396265383936343933656336353937353630656665393431613462
61383830333838313866363036656434356665346163303138633862366636343433376431663665
31333035656634316536363662363434376564343263353266383237326535386263386235646461
31303432653665316134
