$ANSIBLE_VAULT;1.1;AES256
63393236666165653966363261363831306266313064323862383637663065383237613134383430
3332323731396639363437633434333662633861656663330a383932373938363330343032343365
65613030656433366165363236336636656231636136653038376133346561363466303665383531
3432663439346334360a376633626161366562313536323936386531396630366237366532323064
31313135303665313235323862343031663433323431663738616339646534666565616533316131
31336635636261323161663564313939343534343961666131653235366435306432653835303237
65653539323366373538323963663466306332633733386361303235333030613637643766643931
34373530656431383834613434356166363561356461336564653735376166633430616430313261
35656562636239643166643131306165326436313836376139383833646537333133366237623361
37313962343239636264326230353133323731323965303931663265306132626139373139333465
61363733376630333633303732636161303266373162616234626231663062383733633939326232
37653163663365346666376634323030386366333964373263333563343934396162376537336437
34333130633437363739386331346131613765366130376532653137646231313162396661613165
31656639336637356337313466356134336362656437646537623631623438376539366533383930
30313463343739323033316264326436356265623236613031353239393037376138636535636366
65656162663464343665333130373832313733316634326633333932623639346638303834346434
63653561366663613931316235353962323066376431376539383432336138303931333534386238
63323264316234643730633839306639316532373262333436346235636236333366653631643466
31303565646632653238663463313834623934623266346138353263313039313836383266356263
64306366386266326132306464613331353234313634663035313930353139636337353263323436
32366165633337353464656536303432326539653362613165336137653334323336376165633739
63663530626132333439383330616563633466383965626334383365333136646339663766613063
64343438633337613066326430626431396365353436386236643630623664363662373739633731
35373061613239363534396534316565393262373030353335353563663062383337346136346131
33323039366234396538623561623137643138306362343933303338383539373532663139636265
31386262313637363466633537656562636233656361613566356366353262623465346564346435
61643032386166633038363432393633303331666536376663613039636536386664656266316131
30333036343830333232386139633561393338333535643634663237396461373937616639373335
36633035346162346433653666343932353261356530363736383534343761313236353033643865
66333861613765646163393836653363653638376262306534366632306431366137633633383638
61376439626336333265653863323032653436633466333137303636323763353134376465346633
61303139643761383464613163336161666132306530373632343635613338383765323038343134
38386130623366393664383033326538396465656439346131366235643036313939333738393763
64396232346635646233313561616661383232366130393730626237383665366163643663326632
62666535313633616463383663366661323863663138376166346434383130643131376634306164
31313362666237663236396563343638343865343661343463313736383930346430393064356132
30333464636661333636656630616366613939383633353362376635666135626662656264306537
39613961653833656438626232353461313338666135383937323066383937623434383234386232
65386332653966626430613963306532343738623030373538653238626335653965326336646466
34653839316264376162356531643938323733386637663731356232613837363836623866633137
62383264653837306432663538343632656137373736666539626339656337633639353861636361
32356363383064383361353233386239643733616238326139313430623932353537356436663766
30663038386635653138316163666262333033313637643766333130633630306233363330623761
65346361643465653632396461626137383539633463326265623362333136333937623362313666
64626435366131356132623939323135336132383030366134366163643664373332393138653733
31356366663832303962356435666161663763626139633837636565636565353630393339383939
33313438303338616161383665393037613330353136623731656436303636663532303934616462
64396462373539376538336166313637346233343434363438333739323535613133323237303935
37386534346564313965616232343635326661363935613539393436653735623864393035323531
30346265323664396535623233663834323962356365353039323039373863663135653365633161
32323262616366663232663939383565663437623536353463353064303861656665373836633931
39303333383364353936376363393765323164323463306539313534646439636435313961333163
38313866653835363862636537633962393130383834643539633831356230626236323333396261
61633535393766366662363835313131383935323738616538393865613636666364323065633961
30333237663764363165326236613433633935396266313263333739643364396564363538616338
32623261343339316561623664633731343830623735656263306464333530373538663933613934
64646535643064376133373736616437613736646136643563656133633666663965616233366363
36376534613031356138636531326163613731393464643837653039306463643565643031333036
31626165343163383663323566323764636539653738373565663832666232376566626364326138
65376466346238636639636238383437663061666238633736313033386534383565626461653531
33306165306261633863636130636439353830633238613562656236366230346138616665613362
61396532613439663764613131356464613732656430313333353732346465303761343236313934
66373563646264366633376638313234303664353939653062383732346362363662626264363563
64636439623464336563363562313032386561306662373563663964626439353066613564303565
34643635346361386435373764613032653261323566626639616239383535303738666532363630
38623239643738303537643937336133386433626166363937613563393863353839363361386562
31643565626466313164396431613666346662636631343033303338663466663834616134633465
35633738663731366438326132343933333137323265633935383830623531626163353066313730
34353938636135373366313562623439346139653566303737336339333938373732353938363530
34306566653561313230386530613935323738366663366164643933643661633738623531613436
35613830373333393435366562663634643235363335643133343463343232383965383266663630
66373537643237306533336332336538333336373966616138376534636564393162656137323534
66366633656632303963326639633434396534653966626136623965333262303837373431376464
61363136363133376561326437613136646362343239636132636361376436653531666162663536
38336334623466363933333339333337396439363164656231653062316561633232356338643433
62663538376539346562356638373362363130393632303637323762376131633366363139303632
64356537633930343030326262616438333037653462383866313538626232373261363563316331
35626564366563376131643537343336396462303638336466336438323935633636346534643733
32626432313736643361663633366536613363393730653034393033333666333635316438336435
62663738393033636633383339326333396237306564373735313763313035303137383462326535
32363133363637623938613135356363336531356663323464313063323733343439353765353136
36326462363433383938336535306138623734316466356238636630656164323533623364613735
31316465383463386534643565383439316435643664386238656334623737383661373034363131
37323535626632303831636432373736373235393434306365346462376236636130653937366262
39366331306666346265353565373165323933626335363761303132303037396265373134383362
36613030646565646533303533373762646136636661633666333463613533633161386238316531
64393239616666616365623662336366353139396236313264306364323161373764383739636333
32613436346265376531306435353362646233643834303866383066636161316430346333663730
30636164306365396433626632646665343537343161613731306662643735303630613766363836
61313932313861613766633635313961306437653664613336313863393063383933646630323930
64383666643737633232376333303733333038343962616333623233303535306564643766366662
36313063336166616564643363666462663061383230373230616336363330643631316231613336
37323433313964366166386131393039653231613830613639613032663664386330303833386431
64353462646232666161353861313136326333623230353630323136386161646538653732646431
30383036363966663161323133346137393931616637663362363934363032363935393238393931
36656264376136633163646332323062613031613063643731653361303538363737343663303538
33363935393035663732613064623061373136333135386234383965613432306436393265393663
62393232656666626339303339636131346566333734356366623639303166336338613332303332
34613363353732313566613938623165356230353734373363323834643761326436393739353731
33663962326266643530633063326537313765346462613438633038383032306238316463653466
63323233376665303662633339653936356232346335323733386464656436613164626436376331
61656132353366306566666539353031393764643636323939643337663635666464346637613037
37373165356663316464643361363937626138613938613339626364316235613033643764393439
39373130643733376636663963646236313738633864376163383035303836646130373762653964
34663639373163393836393337663565306463373163396235393361333463666562356165376639
62363863326237396163366261383339393864323830393939386236306536373361353066613263
63366432326664353831666136303738363165366638393564316232376637316137316635643938
32323239386336376231313835303330656365333365653931353066303965316639376561323533
30316437636137623031623731376236383630373533663732356166356661323030383062633231
61366438663234633961633130623031373837646538386261643931336632643337346238313533
65323163653565346538356633373864383165333466336438646166633065623562313736633334
33623632313430616636656438323135356533653831656631316566653738316261623663346636
63376335373039343130373533623863323836303063393337333361656135656430343139333333
62366166313139646565653162633037366161663164313866393765653537376463356162623536
39613733323965386264303661326664316261396531653436636630646135373232383436346362
63396537326562383532393539326539373365383036333638366465343130613634393961393434
38376465323833346331333330626434363434636438363866353263633439333762316131666164
66326364386334313934313861333233326466633535373430636333663565346132353364643038
37316230623438353336333363383531393763393934393636646364353464636537376261366239
61636661336563366530363865376365663364656363613336313030386163316664666165643130
34656236623266303431366262623261646432396435616536336431313434313562323338336330
38643030376137656264313963386235653863643865363266626530633037633630376365393733
39373931373863333239653561373938633438633439663664303030393764623463653234353066
62336263306537306266663065643731383932646339326233616335623564613635663862326261
63303038366262366537663966643863363131356165613061306237643036653332396437313064
34666438343964333436616664363733316262353438303036393162663732333334623432303237
34316338623737656663633561333030343630363866376262366564313733346632343332326231
64343961656239633438333761646639333265393539333935623663313463353737623730626334
65346562386536633262353830636664626162626639343064363035373032313636663863663934
64363232303636363730313066623261636630333062333033316234326534653330633732356136
31336530633838373766353665303436653333336161666336306131343963353562383663386139
38393338353231643436643232323635643335623237636639646239613765626466303762316437
66313261306161656466373539386632646237323935336430393739383566353833343035303839
31363237666437373138353836303932353336316132376164353830393365363063313563653666
36383863363035663861383933386564386630316236323135323733396163353562666637326437
31666664373064373635363632346632373764393234613561656561366530626461666636333964
37626663646162313030386231653833373032353633323437323831633233633838343231396332
63643837383538353136313038303665373538306233646661663737336433336162356337303931
36613533616666306564656264616265643762323766633832396436343431393431323036646336
36366631626331306235643566366432626539376234626134626230366534376135353631326364
32383734663833346566653036626532636633346662346662333933306539373765313731643537
37666564386538316131306332386230353332623434623064343530373138636434326464643537
37336533376339393561316462646232613834663931393864383663666334636333383465366637
61653166333032396661373233643861373362313736646265313330643431643938623439363131
39313434613166343564623738643636356131616332353130393832353536393839386362363234
65323236623335346262356232623664356261646164336261623839613766366130363864666536
39643736663438373435303538396661373062626636303561613234336362316465646430373037
39393239626235333061383864393766326334643635353630613737656666646134313061383164
31346138376633356465303832316563616339636163653734383239353463653336306531363165
36616661396461303730316237363137376663373335646237336566383966333933653764633635
35323435303832616163653335623232653566663864386439313738636132613631306662323634
37653166626630633136313732383761333839646337623331333166373337343561333733636537
34623462633964653836623339306263633632626461303236643637303164306665613631646236
32396264313339363738613266336461646163353861393364376439376135343130376264356538
63353062306361333666613065663664393434666164323230303764656634336265343736373533
37323638633339396335346236363731626266656134376464363133653732633763353836383464
66313133633964376336663566353361323639633563333735323134633336353339373665343362
31396462613836626661666533313432376634316362616632353831613662313837623036373039
62393361356335666436396436663262303536626631326462653439323737326339303266633636
32653665623833636434363763623632653338623265393131396434343939336663383532303535
66343737623962643964393039383637636266346236386132643533643832326462346665313265
36643332623963386462363435656166666435396531303965306337373662643336306231326437
35646232393137363037386433366235306235303863626663636366616263326663353238643364
63393963643235386239633164393136306565356532386439626264653536626437393332363331
62663262353034363066633235363335376366373862316333323734646637343033376163326134
65376364636435633831343030663264363438666663376435656264323263373062363837393337
33366330363439396565396363323531626365373865666236326635393034666362353839316630
66633965643232326135613832356239633837326466386165363763323034643333663033376465
32346134356334623037303335366361333037633636633635643864303534366464643662313765
66643032666166646439326132326361343536336361613961343638633132373761663931613330
62353338386233393665343932663738663636393462396463313839633164326461313838623362
32376237626636613834393533613962626331343630663932313762643037663864386437316663
39393032623935396336313732316430633236346430393665356263646235363365353732363765
62636166323936613331613538636536373465356332353062353036633665326361353236396163
37373231393864353731353633666532313638373035393966333865333562646464343939333930
66336238393833306533326366333261636565333432663937636233396638666631363961366566
33343561316366323866373066356537353566656165303839386164313861396436363866666564
38653235336462326335656461303239396136313966623433353333313731353962326364396233
63653036363736343836333739666631343139666336363361323661656238303737613937306630
31313761636337336334333536313337626262386663653263363064333038346533623133633338
34303035393139643861663065386162636139613562356437646537313866313662373561383635
38633830326661666262383031376639646361623832633635383531393061616662313963643531
62646461343031336230346364626637626135343037373562623861663861646439376133376133
38393265663735343131303037316662636433396334633639663365363362313637626439306363
36363430613862396533646234343366383037393065353663663134363164346134333964336661
35636135323831303730643539333165346436323833396662383565653331643638356631393137
38656233636465646535633133636633616163646139653265333434666133373464393538313432
64363731306339353235666439353936623362363130396366666561663561353838333234323130
34343333386666303137613231313638643734316637333033353335623336636463343737303162
63633064326330316262356538373333663031303866633130663463653534376163313439343662
61363531383665653938313934363261663464346239353265343166623337613161336464303862
38313533623038353833303435363533616337643438393337386134356564376331383531613961
36323230383331393638323831373435353934346139646638303962663639623036623937636265
36656262356234343932653030356130316564663731633835366166353931663431353532363861
39623966396265333234663338343838306466353833326336653664663636313833343836316566
66653438663332666232643765386538353235376566393734363234373364326265656630636365
38326561313263386238366564356266316334653461666331353535623031666165306338323961
39666431653230373132366435303963363135376439386464623638343031306636663034626432
37663566336339383838663834346561626631353666393838383265616536613534346135303236
36353731663737353062646434653330613236656366613839393933313066653764633663333134
31626364323564336465323364616665373034653764333935383763363862316534343461636435
36363163376161373365366432626635623463613933393164636135656530653364616634616634
63613934663633663464626461366162333033393264663064643964633034633033636438363033
37626330323265636361646233353163313361343665306561656131653664306335363733356331
30613762613637373131636333376662336163346133663361346539353033613535343634343165
35356263383764653865303337366134303431326263626331353937386462616237386561633363
38303335666432346637616232346135663934376538363361323430373062336361623861383763
66313031373065623064616134376433306263383661353461363961363261363130663363326530
61656664666566643234383866376337386338323438316336303865333534326538373534343532
66636539383633376232336239386432366665646664363039653530343031616334356531663039
65396461383337363062323532666631313536373864373766326263343739373261333635356631
30326437633665396633353334613561653962343437306364326662616663396337336434336431
30373565623061613637633937646264336232656534366334663232633831306634373739666636
66626434613738616339363430326663346566333038623636316237353436336537373139313866
63333863663333376131316363356533613139633162393932626337353231383735356138303938
62343130343363663633
