$ANSIBLE_VAULT;1.1;AES256
34386430643566656564353665396633306166366636313763333035373630623766343436363462
6165316139636562386362636438666434633766393933330a393463353665323465303733383937
65373432623338333061333662313236393762363661326664643663613836643730343035656366
3231623631653534640a303337656337396264396130326462323166623965373737396532323731
39313635313764346637366237306239393565343439663665376132656539373462356230333064
36306532343133383833393066656261356631643261623934653462633338313232386639346139
65616563303430303364633035353661643932313835303063613537313762303031356531386231
39663439626131366634656333666463643563366261616333373833643232633430386335623966
34373132333534633061323832346165306663633132653365363937393237343062323230306233
34633333323739393434666430343130626232356465346236343539386362383366653733633863
32373032326234633737346261616339363366383633356236323535396635656361383333633664
30363965376635633363666666393061326131316330333230383534323235363432383565616637
32363034653136373739306162326566626336363261313261373166366631333535343030326635
33323838396463643337643639316630393863616634656364313561323331376265313030343962
66313033303831363563356435663262636365656234303936633665313865376362336231636563
32333437653462313064666438326137323538353138363534396161323234353736303034326663
30353138643037363562663032316530336635386463373937336339333332353338326337663639
66366532313665643732376364373935626235316562333136383235343338396137396536613263
34373033653663343164323330343933666630393863616633303939376431643238636538313735
66383964343763346533656161343431303363666230343532336637653966333031663037313432
31373639666337346464666232396461383635376436333535363962326564613361353034663564
37376633633933336536323264646334313439366230643262643434393365633832666632613038
39646565643738623061663062353263346633363662336532366433323832626461636438623433
37393838643465323131616463353763313634643664653332313665333964336162656338353839
63646635363531646130306331323934643535363562356639613632303865306463643232303435
65346563353065613064383435313932356636396336633739383336353637643961363136386265
39616534623936373663323462663462616264643533643130643030613562633932336564346563
66373734333638653862316538383330616239363234346432303631303631613465303263613235
61323764316434313735323132393338623832303464656236663635636536393332316365343066
66383734623134396563663833343864666537633062366631383162323961313335333463363533
31623565663332633063393734613762636139306338393538333433666630373433663233303930
33653031306463633332333163613164363131313438353635613461356438343236613665353566
39326131303339323036633364316663366363363661646533353335303364653733353232343566
35373861666532643631383663353066656264386161383439343765316433653465323165653330
36643930313532636562613338306534353039383530623566376133336633333864663966633862
34613535323935383761366439303039656539303233393665646234656639386130336138663464
30353138326235333064333935383762313564616238353066323761336465613734353037346538
63653966353265623731366338373362623062376166376565343132643235386336626361353537
34313732383930386437346664343335353266343839383762303432313433383430333830323863
63313635643862633061636439613339366634393837613666333266623831396438363630313964
39323566616333356465643162373461326332616132616139663538613339343338343965656237
64353566646231666138303265303364346666643263383137663139326662343161346264303861
63306132663633663635323233356465373931396535356234383434386338303637303763323833
36626633616331613239343161393636383830383662336264343663363863663634613735323161
31633861373336333434653830383830623337666633613862376330336639393136356262333263
33666463616437323335656262303463383332386264343234666261363263373030623063343062
35333762636334623864313737386434373733613662633736313930653230613363323037313131
61373063383431346566326339366137356439643431616363393530343031363631303830356337
38343439646636373064336338623866303365643365613636336630343838373463626634373731
38613064306164363464613339303531373832613061333962353533323039336234356331666139
61636661656565313765313663376462663839303561353663396234613334613636373637613136
64396231356634306339356461343339393738343234393563386637356364636366316432383530
31313866376232313262323632366163393464313464646531616465343764353634393936363962
39653561333337366338653666363632666264333332366338363265613137376332623339313862
62653562356532373261326563376539653665646435363835386633633332616632323366303537
33323130333737343364393664353563643836323932386663356134366334313161633931623231
61373966343562353531396330363966366539393431656339653930633033316637313831346366
38353833623639363965343239326339386664366531313663643562333264303132633630343730
32346364386536303238373861383564636636636564623939366266303431373334393065653337
65343233356134393930613664393530646463386461616331303666353062363434636533326335
62326666663262353864616465646334383362356134313139383038643562303732346637376461
34653430386238633639633661383236303864623638633539643038303434613161386433343433
61316635653732663566313632316437643635373434346431366232346661363866303862623434
37383565646432383232643030333830316336636630333535326133373132323535333761316165
31326233306133323365663238363133333138666436323936666165643062333566393235663862
35623233303132623032363833303361653239373530326663313163663338306537353738666566
64353564636163643966616237663230613763373062353764336461643765353362353131636264
65613563373464623239616266343139356166393131613066346635346338633730326137313735
37353732323566656337323965316530626339353130383133646239323234613136366134626432
36613265316634373838656634346139313464646162613135346164383065366631343765323639
61626236313138383539373732316361656634636439343634313663363666313364363564386361
35323837663730343664316330313635623463646566356538393564336464303334626663656331
62363965393562633434653636383437643132376464396566663138666135363138363764623934
31386236313131633465383464343431613431386637623236353162393935663563653033396338
39386135386332643461613738346264663633383065313465343137333931653865373435393164
64383534396137353631633931643562303732313162306563633062313963366566646435643735
39313232356437363766636533366631396565613161613762616533376161666237633562636132
36666566363766366632366435663765643136613361626638313464326333656161386662303363
35336335656533323164626664633164356633646537383735653230636230303837353237663361
64306531346532323061646438393965363933643337353532373637376130366233626639346637
31363332326232656138623936663164633661636331353539353931653233653533313336633561
34633461356365333632333732343232343735626137383266323934306334636137643039373137
62636330336130366361613165323237626638356433323734653835643366393563363734643331
37313636663133343137326165623262653331346265646231323065623339613063356264353136
32373133356139316432663565356634356564646135613537356438346533333731303330363134
30646237383065646238393630383435626562336631666631303133373665313230636331346464
64623661393065393936303466336537393964333561333639306230333633316133643462666161
31646533333063396662323738366139336362643930646263316632373933326566636132343034
35313135353639313762633730383133653338666637303936656462316663653733623863303238
61333137333231636339356339353630306262376263396663623735343134663930663361316363
36313534356436613165313262373235653036666638656232653838393830643134663036633938
33346236383033666637383638323861366663336663346564313434343830393733366231383732
32623534386630393538356565343964653364393833323935643661396532636462663466353766
31343966633961623764636365613663653438633861643138306133613331613065333134376132
32336630616561656463636365393933666639643466356666613763343534313464313863366239
30373133656566663239313635376432323839396232396338653938633636656562373238663464
33303236623662316136396363613034616134303766373539376166303631663939333030653862
31343561643464336530366666633662303131343134386430353961343332326238363332323166
35663636356237303639396434393132373638373438353531363336643434386533306661336361
38333263636665616431383631326131306230343436623562653164636434326337363839633432
62303330343031613031376566326531336236633230386262623030663566616564646537646134
66316436653862636138373562643630613362633761646665393231343762396362363337623937
33346536323763613639633138363530383239663264346137343365356562653236353438613764
35333261346561396162663661316238313036303135353538386237343862343438376333656165
37333032333432336365626565646166663265306262326530373033616466333732363036646438
66333335353236663030663765343334663035643233643935656133376165363539343238323164
34373661303164626234346630626136346162646262316562396563636334346561313964613562
34343335373236626233383539363966313466363463393966303766383637643437326439376465
66653661326139376236623137346561343337346463393335343335636465656432313633386366
65666435666666656233316532623137303335376462623230633165313031386639653035663236
63393062386465323163643836376261356639363133366535333264653435646638383634666164
37623162626263616531323236376161336631373861356336643266326362316633636362373334
62313432363733373239313238316665643563393831326532393834383533363764633135633961
33373731633237313361323364313931306465623731643037323136363335616238316432383636
63643263386636613666383966623939663862323930353766386632643033663834346431333539
30656635653365346335376165366562373731353936663934323739663933383263393831373436
38313033303733366537306166643234313436316431343437303434626436633766633034626633
30666531656561376565633439376439346462393866373664616132626133636462613230323464
66316439346436373835663436616238626335383864623534313764396637396663303333623637
61633365643636366631346431326632623562346666346563656438393366303635303433613038
64343565393535646632366339363531366639323635643039373934316261633430376330626336
31333865386666663461633566623538326637313334383363346135353431623337663464616137
32316339323364313930323438396264626630316338353636313562393731376533663162386339
62373265396165616135653066646132323962336633626665343631646131373638383063383434
35333037316435393437386563343930353065303063663733303231663237336137353336323636
35656364313661316532643264653836393039383037666661383136373136386166623364663761
30373132646138616663656265323561303734323732396130663934346336666637643234373539
31663637626366393837623834656463353266663239363338313033333264336438613165633065
35623530316231303333373862663461356636323039616465336262363437396662663866636530
39353731303264663037333966366132363535393664616465333131353937373930643765346133
39313937393938643133323131613365323834323833663964343234383430363132663037633539
34633539333165393262313933373262666237353335643166626436623332376633346139633065
65306161636331363262626562346433303565323138313666623436663230623532353363303466
66663037663464663331396564323938393239656665363065356633356564366565303034396538
33393131356162616461333663306666643236316161623233396563386538616635653162393238
32363661666466666462336230383662383536396465316639383465386163643562333562363663
61386235303532613034626262646433343239643364613262383964346262626431343664303133
31356236653066656538633934656135653465396266343831343838303531313337626235646432
37363064303238626433386166633334323639393232346436306337363464336535373263316338
31336339363834623335666466323436343466396264623761393632613932396565376135323339
65653066613138356565353630393835353461623438363965376263323766343033333764336361
65626163336138306466643134306431663938376132383162353163626462356133643136323066
35373164633738623739666566376661386662333931626235663461326162626561313130663236
39306532643534643661633663306435353531646230303139653661613865323838643666353838
62666464393936656330643166333838383932656562376535663461306135383461663262396563
61393039636466613336663431633364623430343238666663363436643161303437643061353336
30346438353634303964373034333064373031373733623964626631373362333533393532386236
37316236376534346338386631643539343163646431346132633132383233376130623336653164
64333264376437353835396664373761383564343964646636636633323136333639303433306638
36663530303832633239386638373830393432666438396334613339303831363162313434373039
63656562353765353536323236346239336465646632613865346465653032636662643636373361
32323834346661333663373333323234363963623134353532366333653035666662646364656465
37303137633033313933336461336235383530343835363237306432303564633730646335616133
36353138373738653264303732656330326535613934613230643336663534336531303039333561
34373539323464303565373639646636373565346631633030393466653463623639326436396132
32623531613537613766313937303565666666333730353864383339633530313961316563306437
30353138326563336337353737393832356366386632343436633136623432376266376332306265
66643764386636393765326431613835323262663163336434333139613064633766653435326261
63336535316530613930313837313232353530626664326262303331613437353464343736343336
30636661626234303865643730333765363639313964343633343430346165323132663933613235
32303038363732636631353232383566323930633336373337356236373835363039653264373934
66303233663938376165333437363466346566353134353239333238643230633132303830623336
66356666333239626262313738393261316232306433333166303233623538663065343436336164
39363231616563616164646166323534356535316131366435633532653463373462613332633638
63316135666535323165656162653363666537353635323137363663663633666532306164376530
62356636626335373734336462323531346362363039646665316237643863366333663236393938
35383436636534353262393433636639633439653137643135376561643431303036366536313033
34393338373834383763376266313032323161663135353366333165633933386261386430653932
30653036313137383931646230363664313064366332393939383265623364643735663261373338
62623261633964616630623230356532366262393636326264346661353235326466343133323037
63303735353535343231373161616634303135613361326430636235323163366634633138363432
32623063303164353664626535386134306662323832653639653931323431343130376465303434
30623463653032366138616333356565656136333531323631356536656537656462343061663830
33373962366430366463383135623062393531336564313563613636636263653436653933646438
35653333613466396438303836653039356435356562313561393561316163646338316163306236
32343766613536343065646536396662363065333664616136353963393563353362326438353633
63663765633138396336646639316132353937336232653665323363386332393863636565363737
64356462393162306432316530636237383238633233373036393438386363313236343738373938
39643966386434323962346464393265343231306566313261356639303961366561366135356231
35393635623263313233316330323663626232306534363233376134616663313561316166383431
39383236393635313333316433643964353639616232383535343332313235626335656336663434
62653630336331636130636230306138613934316565656336343432623963396664313935343463
66363033316230396364333932616438373364336235623538323831626333346266303339636563
65623139333662386661323735636162346665313966313035333830376433633561643830356337
65303634316530663462363937393732326637643162636562643432653638633137663336383937
32383136656132316332343138646565323536633335356331353936636234373434666661363837
66313163393134383832333633663232363762376264343963353236346162376133626635663737
30363237646538373432393833396464313461363766336164613132646437633433383335626536
66633565613136313431393338396634306261376236663862626366663862343331353533663935
30663464653965613162383361643034626231306231336538623931366437366132653937646433
37376637306636373330316632653737646463346637383939373930356538373264323032393465
62373732393330323130323435353834306464363263316365623037396537613066313834666139
66303464613463333631366439653736366361393332306435306463306264353962376563373261
38663161373530386331396365383665393262323665363966316261326634653161656530363034
34623063656531313230366130643665373665303339386263316532666235656333363530323664
39336634326164656431626562353530636639393066613765383065333064633234623634353763
35323530353139646563353534323165353062646331353634383363633731336363343131613864
38353830353636653833386539333036353433646635313230346334646234366561613466616533
33393463663831336337303266633039326438336638663231333638623236383938376665616261
34346530393638363563393838623237353964373235616264616462363039633262636161323330
36306635353438396566666330373437313063356464363763396665623938353739656138366230
66363239366465636535353062336638306264396262363162653738393162343930656264316330
30363961656565316232623561653135653361386536663566376230313730366632393634623461
36333539656537646532663631396663383261336237386164656431616362636335626536313331
64313038616435343862656533653936376133666664643430333135356437306537363937613736
35333263343333656430343564396462343662666161353637303531643933626238343837646333
65353962616231323266366463666131373830373133353862333534306336373064386338666337
35383161646535633232646237373062353864376230353035636465366532396163616333613663
32353866626161383233613434333166633364326438633064313837663837346538306661356136
62366364363661353661666365326137316137626330346664616438383162316138636236663232
38393438356666306665646233653739393830653966636336376466633539373031633730353363
37306538633638376336313936663564613035363239343432396338366636363630393661363635
62333233666531616636353533363937626336613966663766623765316233326664636130303332
61393262333431313038656361316365303039373064616235363131663936393665323262643231
36396236346332346137333338316138363137373838326633653437313062633236366364313835
38366535616630393934
