$ANSIBLE_VAULT;1.1;AES256
32643533383062323839363066376361353135373935353531316339636439353235393931656537
3535666134336532316330366561373030616135336461350a303065386133343165353665663437
35306361373138663738313533643033623564383063346536366433326336373033656663313966
3436633233353633640a323334303234616132633465656230353364626635323634363261353863
35333764396566613535616366303536656363353232396232396431656262363238616562383935
31396637343531303333663436376330646564323034363164663837356236326538646461316164
34646365333531326433356665333737303764626330616430313830633134326231313862626237
33666162313734366465666662653864326433343961346135356538346638626662393465623538
36653163656462396264303764396430323766333432613939393465303534333731343939313062
35323339356133626330353765323863613330343933613336386537343734386634336532366339
32633631376433366235383538343132363738393330346536656139346463376263303065663239
33313135313931343861626637323632383237656366656233613433343638666636333263366463
31653666653838306564653437656265643462386438653533356536633338313434626239653336
64373035326538636435643235323264663830313962613833643534353265643063393364666435
34323936656531326339633764643238373261386166613663343537336264373466663734336538
65646335663366653938333366393863396163323564383463643964656235353338633633306561
64336333363166663732656534323663323939373363633435633231653836353530393763353163
33343961313564646438353037633839386466633564666635636631633465666663616530616335
61663966333130386538356163396537363630343061306265386565323732666630383161366164
32386632356136323734363730373663653238363030383663343632343565653235376137386361
31656165353535306135666665303834343562393239326136393366313937303039643232363935
62386131336161336332313037396165623331653433613338623035303162336434393261313131
37663063646239326131303538616365616330643137363436333635353536373962623261633939
36386462333261653030313832396535313965306336363230386437326663316336393338343531
38306631613363616539643638393234313766353932366533333765393065323166653231363661
33376437626466666633343838313938303630303263633731356563633066643566643331343663
32373838626338643835346435376465386439626239336636393732333961336437626162633235
65643433336633653762383130353966313332306635653561376463336435643365343136373964
32343362373863643336353266373663623161326366343565326230373631363136393031366130
37346161363935623530616261663834613836366132306336383838326339333637306434336561
63313238323634393963313336343234356662623430613434643839393361353439346631663266
65383964653562356534363362633336373537666566653263636566666439363135383039633838
39366565313463376139356662326237653839643637396535343362333935383664303961393436
65396661616332646439326432623930323931356237376539376566353632316333343832323766
32663961386439633363613134396433653739613966326366333938303336636131633631613164
38333939646266663035323432343730343332363432646133353130643330643635393838326334
36323966343535316364663364373362383530396265306530326536363466616231653263366164
32383837656131393531303234326534333162376330396466613236316531666634343064353265
35633266343666333636373066306161356236643866623534393939383030386333366639316665
33363462333036616231303130333938383532356364616463646264633430643934386333313133
35623534366362313665333739656261646263313333653230393032343036313934636632353763
65636135646138393232376231616363356432663736616564356630323439393337363061396263
31356131396562653761643635373033343236626662323438333835313966613066396461333963
30326534643961343231663733663932656163323365633538323931353030386333643937373530
65613734313130326433613138323138356632623431343135313066633366346161386432633832
35333234653030653636643365666631333762666261303636366265326639636361303136313332
65633338363963366638613436353066303763303163313935326135633039643337366338323161
32316637656131343031626432393866373532386533666635633665393863653365386435343366
63623862373731343332653362386161373132353434323961323637663134653535393662383733
65383830663664383739396639393466656136643831633163383933396239303631316535363739
34343165666137356461356661383033316639633932313363323963353134653464653466616366
31393865613863643262643239333136383132376631386433303934363264643332313235323336
38383135666236316330356334333130393735663765303538656134383033353633653862313462
31656330353630326339333832656261613239383563643934343961376635623339353239636463
38333532653265386430343264633533623766383861393261316231383032386163623962633339
64383139306130346531663934653665393665323935396138333765366336303265343533333163
64353435363231326337383639306366663838613836653337353334303065326639363263323433
32633139623466313565303235613338643333656133653434613333666234306565633166366465
32656535646166346162656664643565346636373838316137366130663764613338323030323138
33356536643762303331646334303261343665393461373433383563613962373837646637323665
37386531313361363764383735663535633234343165373262646633343439623465643936313439
62613630346339336136333665636334623431646462323537636136616335656435656133616238
30636532653039363261623166663261313539303565316262656634396531363631616231313161
64646463666365633936333033666461333534656536663738356135613163336337393330303630
65366234316462616461396239323031363461343431353236666563303138616632333933636466
33613762666532666134373865376538343034306138386465353866323461663830343565646632
39653536653935396235666238383765663261613838306661623435623232333338396435633731
36613233633962353530313862623666323332613335636164396332373030646132343564663130
61303065626362623535363664323465343435356463386535386465323434316630316166396236
63373062346335343938636164333235653863333066393939316632373035333165303139616566
35383830663962363833626165666266356433633732303463366264366362313236653366366162
36373432366261633639336264326463373338336236633438646136343536663835646534396666
35343230383564653662386666613061303734666563633961333832386364636537646264373931
63323436346331656235626665353430393530653361383631323632346264353130663237326164
36663962666365306238613963613761303034356334326232333130663163623131623963363366
61313734616531373862396461656231366139393130353461303366323330323831336339623038
35376138623465316237623662643334626461326638383138623230303863663166636166663635
62386566396661643330346437306364316635343730346538643366303961366566303730316463
31653339636631393262333930343062326434353732333562336239643664643462336262613231
32393933326639303461363761633662383762376631303034313230393532663331363066343362
34326633383037656536616666653932336166666238613662373361303932326263323066646432
35313435306438356535643262323033333534346632313737373137346638643834336337626436
33343739623866613337393034383731313832633661313937393234643365636366643636646262
32393936313735663435313932663633303230353736336231353764386362623234633866343863
62666134303563313735386336356461363666353834646231653935333230313166653561333061
33333838333261393933373964323061666162366138663463366162303134373164663033363031
30646539393762333161663839363032616136623161333230353862626464623731336230353738
31646463376436656463353264636331373966346462666530613230346565656666313733613262
63383235666433393538333664336263356239306465643033323936636462323135333039633036
65333336313438653936326438616565646333663735663664656262356361303462336465303732
62366137326137376361343039643663323531633836623839346335366566356438303430623836
32353732653463613264613730316531393130356130383464313364333162633337363834393766
38646466366134386233646462363261663365633662346366643830613737393664303739376264
33616363343434643631633862646133353432393834613165663366353632316564643038616561
62303863633535393034396135333665373735356335393832303830626533373937666630323132
61666138353732646434663263653630393961656233666336333666643533663639333933646235
32363739643161623837376136396232306232333336303631643837613463666136356263303136
37363531333761316161666261346561346230343035623431396533356632626561306631623836
32643261656164663162303434366133623063346236643561316638333934373263303034393935
61323061303434313531613363646631363839646334616236626337393063353238303839303762
34383061363766656139666330376363646331356262363065633464373561306132313532373337
33383539373466663664633139393738383363333137626134646564613061613434383530393466
66316338613236313234613737336661666131376363663165626362336236623637353132633961
32303138633863393162346266336132636532303235646136333762376261363462393563376263
66366536313763623565663733363866353237343166626434313934343262316165663336636361
62616639646565366239393038393536623766663539343434363466653731623538626663623264
36643564643733623532373032336335643838343835326162303333386531363039666664376433
34323163386564393238623433326130333636363963383330666533326235353166396263393935
39343332326365383764613330323761646139663133636538376133386161346133316639623834
30663561393462356536333239626439343238613864663838633766383439636162663134373661
34323839643738646361666435613764383237366166313766666131383261323730393932343831
38616662623638393265343431623464623236353038393433373231316438636361393135323162
63376365633930313665306134353334373131626438396433376634396135646637353666653933
62316433613134613739653438643138636231353832383764653539396539336238356662393863
62663463646464373766396564623237653731646464346637353966653332366330323866376662
36653961613730643235376666623964343737663764363062633535346265666135626139363664
34616365303861366231303963616531323265643234636330616533366536353238633463643365
39356538343036306364633736666632353638383935376662313632666631643161316234393065
36316534396361373061353362316139353835386531323638383937386536633032653861393365
65356331356366333166626161353434393734303965356535663433616166393661353636346465
31306136623331343832366263366365666362323032383538643534353163303265663430653737
31643963336161326639333635356432366334336530623533663531633166643961323130633761
38633436313666303764623736316430313261636165663934396532386135386463383962326566
35633263343436636366636266386236306332643639623935363034616334613162373734343736
31326235653639626133626562643335316432363830636137326266343437626232636565386434
32666265313561646630356132313936393339383239646639383630626338343439393935646266
37303134656361643532653233313962383762653335623436373961383734613833613238366665
36303665326232373364663163333031333263653062616330343366313630386336626266643864
65636664666166376530636464616434623861623537343731303135326530383664306430646230
38633239623136313734643962663037356466353662383037393438386265343135346537386537
36346564366334326131323435626231303831643631616430333166383762306234616135356135
61343037356564316563373561653438353337303564363137393938353465303362656139326263
65323563373133396339613164656664386161333432666161386133313533646331323862623663
39346637653062663662653666353462646563633838393730346138306134626238326236373133
62646164353830316563666665383032383862356235366236386662343236386335626266666364
64366661393836316233393466666266653333343438383138376138376231663835373462613566
61336533393062373865363930373734616666616264643238333536613635346366646463653465
65383663363032643063383464623261333536363464306564653066336331353831333337643437
30326337366438613230306238323132353165343138303035323533306538393031316236393437
37396636626563663332333236636435666664396333346463336261343038643865373939623532
35613031623630643130666438656561393132623539366363646236303965616432653761643435
39343633303630613964346332353939393466643864376439323937303539666439326462333738
66656336616664316165633935666265653234326338656535623563326234393039383566356662
39316533376261326466356634316361643337343366613164613065313239393437393233636238
33643765623034663765393931383932636565326637396430356333386633323937376364366634
61663538666262643465623166636362643436633038393835326563363934653536363033613437
37313630623930303665333731326337666131386330666463373235666435373665313163616139
36633332313633396530383663363532383963326361623362306363636631666637313231373533
32333336363063613637383939393766383032616263323766636261643337346463323266643066
30666465316361313565656164383366363263366664373739633430343734616331333937323363
37306434653937343266326661643938363761303439343766313733363937363164643863333934
36386333623262613732303839306262346131646264666330373261386632323539336235366236
66376265626334663835393733373335326664393837313063363134633931326165393463626630
63643235643138626638343837383166353265376663336266393231356166336463643935636563
36336562336133623832386361363339343436346136666335646335343637373537663630643331
30383364323931343637643138363531313930353737373934313830336234383439383636323638
32373139336534656638363833373837383935633730396462623539353364613664656462303432
65623965636430613565656562666438326539356433383639643839353833316430373237383738
31366463373732313937643931623936613763343939303065366164376439306565643238373333
61616464396330346534623233633231346265356532616438653635353739373330663136336437
36623031653666366433333239333533333632326239373339373635313037313837363831643564
39343039623366316239336534366661303464396331646537306563633834326661323961633535
30633637633136373030663363316364666263353931386339313234613535383731623135336566
38633232393232343731316363393136656438663665366331336662323066613132356162353035
62373232346432356661373666353765663239393330356430333539323331303132303266353561
65643533356639303238323064613538383636666339653237306261663335646466313635663234
30663736393739643464663133663731326134323232343665663636323936653165653235613466
62663738326439376630613931623732366364656164383734616631306266383637396465653361
31386261323735353333373933396662313539323966356337383263666661633261356334626332
65303837353334363265356664393235656636383366653862633531323664393362343437633732
33306366323961396661396437343138313039623463313833323038373735343733643832373238
63396663613034353539373536623736383766623464373633306233316636376266303530346436
38313064663035353030336238633033616661356465396138356638643034363036376434396266
38303737633361666264353930646337656432353439363164346633653665343333313039346661
66313036656234366634663834336165616234633531396662306363333838353364656462663635
66653966646361313861313064636433376639346431326237323830383866656432333132656533
37353663653739666561663231313730613462346237366335323334313539313865363766383830
35623132373033663765343837343634656638366536613334353939366365613338386636363462
39336466386437323434306637393666306564336363376539376430383666336439633130613234
32613930336433653232633938613039326431313730336133366334643762623561663262633034
33356238376532643163393766363539643864346461643663646666373564333666353639373239
36613963616237326563353032663436666234323064633138343435356261326630363664346238
32373538373832336335376561633537333635386235343465386538356266353162306165613937
39353565623261343935616439643832396339393631373335633931366132343239303231393130
33346635353339626362313634376138373136636535343234346335336662393633643034393339
65336364653730383835313139333331663237386436313339386434616665393961373839393739
38356437376465616533366435376434306337323036346536663138343337333731626232383935
37666337646532613731386137636632653638663132386461623964393130636633373166343636
34346261666464643635616666373638653535613636636138333036616261616566616161363166
31633461363535386665663262356137646162633637316134303630643766643063636234316365
63653230636332653830383238366430363338356366613039623036303762316133326363363765
31303765303835333363656464316361646562306535326331623531303961306565613931626466
31393162336435376563633838383638636363666266643864643232646362613135353961333464
32663161396339623833643532326235323234333430646432323232363237646264396463356164
36363737323262626665623761633562613036663938636162666462363631343034343537343935
39613262633065326132636236333162663239303630333664653462303865313330656434393261
39376463316433306262353132653765333263393530333832323638326431383361666134313832
39613764323434373861363164656631653264636334343463646533316338623734383230353762
38616231303039613363346435633866393364356138643833373738316464393435663564393066
38646439376334393765646465346538353164303438353466623834613565613436346638343433
31666231383436313036323666666331333030333235316562346638633764303036363331356132
33656334613466333631643532383965386362633039333537623336616238313964386634303136
32323539383632646365643664343431653235313332383531383038363031376135373730333038
61346439373634386435663030373737343464323232353137326430366363333364613234353465
36373137376638383038333534626262666539633130643737346338343531323361636566346261
61613436646331313662353639383363323532663737376139313131653333663165636131383933
66393930343533346336633865633864613738376334363230396637633262336435623032396137
61363334633732666536383662363232396632653964316536393931363839646232373733616239
61666638366166613336383330363561346237633564363064396334343338356534356234356535
39333434306132333162666362303438633866323636613961313837306563363761343361626265
61623035333437343139356364336131306235343164326533613265396530633139633535313433
38393563633237663035613734313936643963346463646364393130666663363962386537323931
39613937343636313130393632363633383262353738626438626438623737363035356435396630
37366337383131303938373935336639613932633237363164326138653634646531393033383233
32383632656638636163326266653134633537323266623662646530396637316136336238653438
64313032356331363334
